".pred_class","Watershed",".pred_Kusko",".pred_Nush",".pred_Yukon","Dataset","Model","Correct"
"Nush","Nush",0.123144075297659,0.875382826366311,0.00147309833602949,"MA","SVM",TRUE
"Nush","Nush",0.0329219543478425,0.965243450329778,0.00183459532237992,"MA","SVM",TRUE
"Kusko","Nush",0.598147483479947,0.143182312197189,0.258670204322864,"MA","SVM",FALSE
"Kusko","Nush",0.563771232593227,0.420634145308362,0.0155946220984107,"MA","SVM",FALSE
"Nush","Nush",0.0196092641935931,0.979893364049066,0.00049737175734084,"MA","SVM",TRUE
"Nush","Nush",0.0631201170531254,0.927234823146929,0.00964505979994588,"MA","SVM",TRUE
"Nush","Nush",0.0628754426250346,0.927922850116321,0.00920170725864387,"MA","SVM",TRUE
"Nush","Nush",0.451166449707999,0.511016888488926,0.0378166618030752,"MA","SVM",TRUE
"Nush","Nush",0.138439822922354,0.648373586145072,0.213186590932574,"MA","SVM",TRUE
"Nush","Nush",0.120138442982596,0.878540323707249,0.00132123331015585,"MA","SVM",TRUE
"Nush","Nush",0.0846782701101245,0.886443006441962,0.0288787234479131,"MA","SVM",TRUE
"Nush","Nush",0.0765821211338948,0.922672148222699,0.00074573064340625,"MA","SVM",TRUE
"Nush","Nush",0.0753309352553803,0.896964041026209,0.0277050237184103,"MA","SVM",TRUE
"Nush","Nush",0.487920644605318,0.509223981052371,0.00285537434231032,"MA","SVM",TRUE
"Nush","Nush",0.0610464892146358,0.931365330190354,0.00758818059501033,"MA","SVM",TRUE
"Nush","Nush",0.0559964492422156,0.939855174269026,0.00414837648875818,"MA","SVM",TRUE
"Kusko","Nush",0.538561908944445,0.453032927735577,0.00840516331997792,"MA","SVM",FALSE
"Nush","Nush",0.00402193609462228,0.993398704291753,0.00257935961362501,"MA","SVM",TRUE
"Nush","Nush",0.0413184998680949,0.926940454920894,0.0317410452110109,"MA","SVM",TRUE
"Nush","Nush",0.208359392147958,0.781353872304478,0.0102867355475642,"MA","SVM",TRUE
"Nush","Nush",0.0426050005839386,0.950343256615304,0.00705174280075755,"MA","SVM",TRUE
"Nush","Nush",0.0531986643270327,0.92036319213616,0.0264381435368072,"MA","SVM",TRUE
"Kusko","Nush",0.736678453219735,0.247009314326386,0.0163122324538792,"MA","SVM",FALSE
"Kusko","Nush",0.907766028729943,0.0745634182973466,0.0176705529727104,"MA","SVM",FALSE
"Nush","Nush",0.0601310446264082,0.936481058610597,0.00338789676299436,"MA","SVM",TRUE
"Nush","Nush",0.0509657329370113,0.943182296144716,0.00585197091827215,"MA","SVM",TRUE
"Nush","Nush",0.16636797561897,0.827283150206056,0.00634887417497417,"MA","SVM",TRUE
"Nush","Nush",0.0629712791849754,0.913915454756359,0.0231132660586652,"MA","SVM",TRUE
"Nush","Nush",0.156105553292145,0.838619227423785,0.00527521928406984,"MA","SVM",TRUE
"Kusko","Nush",0.549419704166987,0.442281807274353,0.00829848855865969,"MA","SVM",FALSE
"Nush","Nush",0.0350579580987039,0.963098300389466,0.00184374151183032,"MA","SVM",TRUE
"Nush","Nush",0.0290831305848595,0.970517319797379,0.000399549617761918,"MA","SVM",TRUE
"Nush","Nush",0.0800419416373399,0.915179364528294,0.00477869383436659,"MA","SVM",TRUE
"Nush","Nush",0.0123734094581735,0.956650042303973,0.0309765482378539,"MA","SVM",TRUE
"Kusko","Nush",0.709483604763006,0.254772649736208,0.0357437455007853,"MA","SVM",FALSE
"Nush","Nush",0.19902753320853,0.786000659567307,0.0149718072241627,"MA","SVM",TRUE
"Nush","Nush",0.157147582131257,0.781291004266267,0.0615614136024761,"MA","SVM",TRUE
"Nush","Nush",0.00634846874973627,0.993395874274689,0.000255656975574621,"MA","SVM",TRUE
"Nush","Nush",0.123685926133217,0.870957941331893,0.00535613253489025,"MA","SVM",TRUE
"Nush","Nush",0.0636032053887792,0.928529581006119,0.00786721360510153,"MA","SVM",TRUE
"Nush","Nush",0.0850782189366609,0.894124028693834,0.0207977523695052,"MA","SVM",TRUE
"Nush","Nush",0.0470940159268547,0.949298090550331,0.00360789352281392,"MA","SVM",TRUE
"Kusko","Nush",0.594367080049853,0.398997361612537,0.00663555833761043,"MA","SVM",FALSE
"Nush","Nush",0.316853982584934,0.660475509855574,0.0226705075594927,"MA","SVM",TRUE
"Nush","Nush",0.0388568198483307,0.960818722838543,0.000324457313126107,"MA","SVM",TRUE
"Nush","Nush",0.0325480433359229,0.962652943999611,0.00479901266446602,"MA","SVM",TRUE
"Nush","Nush",0.400912978971248,0.561344344257542,0.03774267677121,"MA","SVM",TRUE
"Nush","Nush",0.162310709245252,0.836420105668305,0.00126918508644322,"MA","SVM",TRUE
"Kusko","Nush",0.773361606865723,0.222026099139,0.00461229399527675,"MA","SVM",FALSE
"Nush","Nush",0.0812724989725278,0.905984743386102,0.0127427576413707,"MA","SVM",TRUE
"Nush","Nush",0.0465059715439862,0.92534816337592,0.0281458650800937,"MA","SVM",TRUE
"Nush","Nush",0.0772841403476446,0.909629844921386,0.0130860147309695,"MA","SVM",TRUE
"Nush","Nush",0.0498813868713046,0.947473167519196,0.00264544560949942,"MA","SVM",TRUE
"Nush","Nush",0.0428600866570747,0.950486778852676,0.00665313449024948,"MA","SVM",TRUE
"Nush","Nush",0.0406075068294444,0.942869286294695,0.0165232068758601,"MA","SVM",TRUE
"Nush","Nush",0.0466382485408523,0.928010157346118,0.0253515941130296,"MA","SVM",TRUE
"Nush","Nush",0.0387262013745118,0.954641869020243,0.00663192960524516,"MA","SVM",TRUE
"Nush","Nush",0.0495146686510634,0.944994998764649,0.0054903325842878,"MA","SVM",TRUE
"Nush","Nush",0.0621758171928768,0.925075835347878,0.0127483474592457,"MA","SVM",TRUE
"Nush","Nush",0.0690636226567347,0.907494970287767,0.0234414070554981,"MA","SVM",TRUE
"Kusko","Nush",0.730970333336154,0.00528726146994631,0.2637424051939,"MA","SVM",FALSE
"Nush","Nush",0.03247322034844,0.963923061971089,0.00360371768047074,"MA","SVM",TRUE
"Kusko","Nush",0.649152685963663,0.303978133796739,0.0468691802395981,"MA","SVM",FALSE
"Nush","Nush",0.039117744068981,0.943149778711637,0.017732477219382,"MA","SVM",TRUE
"Nush","Nush",0.0509508329662356,0.940775004670922,0.00827416236284239,"MA","SVM",TRUE
"Nush","Nush",0.14837253373969,0.84296554653666,0.00866191972364922,"MA","SVM",TRUE
"Kusko","Nush",0.669067164533868,0.321315217125685,0.00961761834044695,"MA","SVM",FALSE
"Nush","Nush",0.0705702182274848,0.912671045254703,0.0167587365178126,"MA","SVM",TRUE
"Nush","Nush",0.0351944893362066,0.960728351793146,0.00407715887064693,"MA","SVM",TRUE
"Nush","Nush",0.0131627059459475,0.985808465048672,0.00102882900538066,"MA","SVM",TRUE
"Nush","Nush",0.0787459939538445,0.897601351277215,0.0236526547689409,"MA","SVM",TRUE
"Nush","Nush",0.140143513251435,0.858580167361358,0.00127631938720702,"MA","SVM",TRUE
"Nush","Nush",0.0514632495512491,0.942764477326835,0.00577227312191563,"MA","SVM",TRUE
"Nush","Nush",0.0360555939850745,0.951013198916318,0.0129312070986076,"MA","SVM",TRUE
"Nush","Nush",0.0743975103585955,0.906416875452032,0.0191856141893728,"MA","SVM",TRUE
"Nush","Nush",0.0464340894484555,0.948269733203047,0.00529617734849704,"MA","SVM",TRUE
"Nush","Nush",0.0494548833541602,0.943105657327678,0.0074394593181623,"MA","SVM",TRUE
"Nush","Nush",0.0659933592211271,0.926590403396484,0.00741623738238849,"MA","SVM",TRUE
"Nush","Nush",0.0184752194466495,0.978367610108887,0.00315717044446362,"MA","SVM",TRUE
"Nush","Nush",0.00307918528134273,0.996139668690308,0.000781146028348693,"MA","SVM",TRUE
"Nush","Nush",0.0459361488037983,0.94972307017094,0.00434078102526209,"MA","SVM",TRUE
"Nush","Nush",0.0721488028888984,0.927438444181231,0.000412752929870566,"MA","SVM",TRUE
"Nush","Nush",0.0889733957847076,0.889629406493312,0.0213971977219807,"MA","SVM",TRUE
"Nush","Nush",0.0513261622254947,0.933140911797136,0.0155329259773698,"MA","SVM",TRUE
"Nush","Nush",0.027216540706083,0.971837738558222,0.000945720735695247,"MA","SVM",TRUE
"Nush","Nush",0.0695544871518442,0.908273635757739,0.0221718770904164,"MA","SVM",TRUE
"Nush","Nush",0.0700499901586026,0.915801892058764,0.014148117782633,"MA","SVM",TRUE
"Nush","Nush",0.0485711694518097,0.940951789028893,0.0104770415192972,"MA","SVM",TRUE
"Nush","Nush",0.0624522252725027,0.930224225754077,0.00732354897342038,"MA","SVM",TRUE
"Nush","Nush",0.0395168681977465,0.939484114504281,0.0209990172979725,"MA","SVM",TRUE
"Nush","Nush",0.0147399824743211,0.984602972995205,0.000657044530474312,"MA","SVM",TRUE
"Nush","Nush",0.0765276775983709,0.901483616765085,0.0219887056365437,"MA","SVM",TRUE
"Nush","Nush",0.0127801538358355,0.983839309956696,0.00338053620746891,"MA","SVM",TRUE
"Nush","Nush",0.0201975627745822,0.978955922967521,0.000846514257897223,"MA","SVM",TRUE
"Nush","Nush",0.0240425501787621,0.975626843860915,0.00033060596032317,"MA","SVM",TRUE
"Nush","Nush",0.0457510983940087,0.945877356924782,0.00837154468120972,"MA","SVM",TRUE
"Kusko","Nush",0.817394477363852,0.178413986670861,0.00419153596528614,"MA","SVM",FALSE
"Nush","Nush",0.137963888407314,0.793018985769979,0.0690171258227073,"MA","SVM",TRUE
"Nush","Nush",0.0547232140958193,0.944310150086423,0.000966635817758096,"MA","SVM",TRUE
"Nush","Nush",0.0608290315568044,0.9338854373483,0.00528553109489608,"MA","SVM",TRUE
"Nush","Nush",0.482534076888918,0.503810521887279,0.013655401223803,"MA","SVM",TRUE
"Nush","Nush",0.420928743379526,0.573407078091913,0.00566417852856126,"MA","SVM",TRUE
"Nush","Nush",0.020530452100343,0.979073837707328,0.000395710192328621,"MA","SVM",TRUE
"Nush","Nush",0.0739584523602374,0.891116253978859,0.0349252936609035,"MA","SVM",TRUE
"Nush","Nush",0.062116707137567,0.928972741214636,0.00891055164779744,"MA","SVM",TRUE
"Nush","Nush",0.0460740244168452,0.950109806036389,0.00381616954676621,"MA","SVM",TRUE
"Nush","Nush",0.0339067075453772,0.965092507179865,0.00100078527475806,"MA","SVM",TRUE
"Nush","Nush",0.0771607344549599,0.854053526680026,0.0687857388650145,"MA","SVM",TRUE
"Nush","Nush",0.109544015568103,0.88719064674772,0.00326533768417755,"MA","SVM",TRUE
"Nush","Nush",0.0617924695291743,0.935316293831565,0.0028912366392608,"MA","SVM",TRUE
"Nush","Nush",0.0763039171473084,0.90737368307751,0.0163223997751818,"MA","SVM",TRUE
"Kusko","Nush",0.862688034318452,0.0457408529470445,0.0915711127345037,"MA","SVM",FALSE
"Nush","Nush",0.0350774333066154,0.949761711797118,0.015160854896267,"MA","SVM",TRUE
"Nush","Nush",0.0510755339892754,0.92252530505119,0.0263991609595345,"MA","SVM",TRUE
"Nush","Nush",0.101817667054592,0.897552871811155,0.000629461134253347,"MA","SVM",TRUE
"Nush","Nush",0.0364886672932225,0.961176049454858,0.00233528325191911,"MA","SVM",TRUE
"Nush","Nush",0.247434858919795,0.7361566800924,0.0164084609878053,"MA","SVM",TRUE
"Nush","Nush",0.172114988700093,0.825431989067564,0.0024530222323425,"MA","SVM",TRUE
"Nush","Nush",0.0861769272328593,0.907386265111668,0.00643680765547246,"MA","SVM",TRUE
"Nush","Nush",0.0566597020460269,0.940679450783112,0.00266084717086111,"MA","SVM",TRUE
"Nush","Nush",0.0368780001474317,0.95866364691021,0.00445835294235818,"MA","SVM",TRUE
"Nush","Nush",0.0487779705817047,0.942747281806746,0.00847474761154924,"MA","SVM",TRUE
"Nush","Nush",0.0149646163897776,0.984827838065,0.000207545545222509,"MA","SVM",TRUE
"Nush","Nush",0.136870656775837,0.86193493408682,0.0011944091373425,"MA","SVM",TRUE
"Nush","Nush",0.0130816370216504,0.931333467707873,0.0555848952704769,"MA","SVM",TRUE
"Nush","Nush",0.0620000519223539,0.912628800734402,0.0253711473432446,"MA","SVM",TRUE
"Nush","Nush",0.0578956742717868,0.918729551694286,0.0233747740339268,"MA","SVM",TRUE
"Nush","Nush",0.0298689224939848,0.966828788678604,0.00330228882741087,"MA","SVM",TRUE
"Nush","Nush",0.0607514929378131,0.913634260588442,0.025614246473745,"MA","SVM",TRUE
"Nush","Nush",0.0374908442141482,0.958662406304303,0.00384674948154844,"MA","SVM",TRUE
"Nush","Nush",0.0153852557090934,0.984401642305632,0.000213101985274262,"MA","SVM",TRUE
"Nush","Nush",0.0593780531201282,0.924442460051245,0.0161794868286265,"MA","SVM",TRUE
"Nush","Nush",0.0697457336070769,0.914055298337164,0.0161989680557586,"MA","SVM",TRUE
"Nush","Nush",0.0801567825946758,0.899085679021644,0.0207575383836803,"MA","SVM",TRUE
"Nush","Nush",0.0137622604523814,0.985417977986549,0.000819761561070094,"MA","SVM",TRUE
"Nush","Nush",0.225104752181091,0.693820687061745,0.0810745607571641,"MA","SVM",TRUE
"Nush","Nush",0.0544679506224393,0.944675710171723,0.000856339205837264,"MA","SVM",TRUE
"Nush","Nush",0.0431036846845592,0.952256189158254,0.00464012615718695,"MA","SVM",TRUE
"Nush","Nush",0.0340585761302857,0.962800360220246,0.0031410636494686,"MA","SVM",TRUE
"Yukon","Yukon",0.00413635730564625,0.00722732192810608,0.988636320766248,"MA","SVM",TRUE
"Yukon","Yukon",0.0167449670081463,0.0141076300939278,0.969147402897926,"MA","SVM",TRUE
"Yukon","Yukon",0.0135598917844965,0.0102586473544933,0.97618146086101,"MA","SVM",TRUE
"Yukon","Yukon",0.0140178274605272,0.0108734200561902,0.975108752483283,"MA","SVM",TRUE
"Yukon","Yukon",0.0143078825640487,0.0111967483951467,0.974495369040805,"MA","SVM",TRUE
"Yukon","Yukon",0.00256120288920304,0.00349251549260784,0.993946281618189,"MA","SVM",TRUE
"Yukon","Yukon",0.00437551168398122,0.00759247872139317,0.988032009594626,"MA","SVM",TRUE
"Yukon","Yukon",0.0104768533918198,0.00551012531037515,0.984013021297805,"MA","SVM",TRUE
"Yukon","Yukon",0.0136478249132482,0.0104583542340352,0.975893820852717,"MA","SVM",TRUE
"Yukon","Yukon",0.0157229304620617,0.0128678890029362,0.971409180535002,"MA","SVM",TRUE
"Yukon","Yukon",0.0137118017386998,0.0104545938457328,0.975833604415567,"MA","SVM",TRUE
"Yukon","Yukon",0.0136815047607146,0.0105097518590138,0.975808743380272,"MA","SVM",TRUE
"Yukon","Yukon",0.0136442304729773,0.0104613134450557,0.975894456081967,"MA","SVM",TRUE
"Yukon","Yukon",0.0166526086346322,0.0139944736444582,0.96935291772091,"MA","SVM",TRUE
"Yukon","Yukon",0.00196070435138667,0.00337582680375009,0.994663468844863,"MA","SVM",TRUE
"Yukon","Yukon",0.0166960293099625,0.0140474640829022,0.969256506607135,"MA","SVM",TRUE
"Yukon","Yukon",0.0120405085354391,0.0106398458394746,0.977319645625086,"MA","SVM",TRUE
"Kusko","Yukon",0.287535617443154,0.000715670459852112,0.711748712096993,"MA","SVM",FALSE
"Yukon","Yukon",0.0139226620306727,0.0107663937271834,0.975310944242144,"MA","SVM",TRUE
"Yukon","Yukon",0.0138100772583251,0.0106608935657666,0.975529029175908,"MA","SVM",TRUE
"Kusko","Yukon",0.407891621880364,0.00281596904107364,0.589292409078562,"MA","SVM",FALSE
"Yukon","Yukon",0.00309955110952952,0.00672655495038915,0.990173893940081,"MA","SVM",TRUE
"Yukon","Yukon",0.000494338012192148,3.17971872118468e-06,0.999502482269087,"MA","SVM",TRUE
"Yukon","Yukon",6.6446851458576e-05,5.88407694012267e-06,0.999927669071601,"MA","SVM",TRUE
"Nush","Yukon",0.27306091503988,0.642716960119207,0.0842221248409127,"MA","SVM",FALSE
"Yukon","Yukon",0.0134735797899655,0.0102505705792996,0.976275849630735,"MA","SVM",TRUE
"Yukon","Yukon",0.0148284538415055,0.0118202781495545,0.97335126800894,"MA","SVM",TRUE
"Yukon","Yukon",0.00587037747792111,0.0086917462476887,0.98543787627439,"MA","SVM",TRUE
"Yukon","Yukon",0.0138718387728611,0.0107078009832,0.975420360243939,"MA","SVM",TRUE
"Yukon","Yukon",0.0144882667749421,0.0113127030685537,0.974199030156504,"MA","SVM",TRUE
"Yukon","Yukon",0.082197047879438,0.0184182334788699,0.899384718641692,"MA","SVM",TRUE
"Yukon","Yukon",0.00586044121726806,0.00883632888676375,0.985303229895968,"MA","SVM",TRUE
"Yukon","Yukon",0.0502832147766214,0.000139223910831828,0.949577561312547,"MA","SVM",TRUE
"Kusko","Yukon",0.544453586560782,0.00300458296045441,0.452541830478763,"MA","SVM",FALSE
"Nush","Yukon",0.0406738618699337,0.952233203073651,0.00709293505641495,"MA","SVM",FALSE
"Yukon","Yukon",0.0103662116547338,0.0103731258610772,0.979260662484189,"MA","SVM",TRUE
"Yukon","Yukon",0.00190079807180672,0.00348304208864943,0.994616159839544,"MA","SVM",TRUE
"Yukon","Yukon",0.0114006966906137,0.00971649601004732,0.978882807299339,"MA","SVM",TRUE
"Yukon","Yukon",0.00576533366260645,0.00513459925410135,0.989100067083292,"MA","SVM",TRUE
"Yukon","Yukon",0.0141178656711706,0.0109255485951604,0.974956585733669,"MA","SVM",TRUE
"Yukon","Yukon",0.01161882557753,0.00978113089855967,0.97860004352391,"MA","SVM",TRUE
"Yukon","Yukon",0.0140259432948392,0.0108926405659716,0.975081416139189,"MA","SVM",TRUE
"Yukon","Yukon",0.00710642967842847,0.00892167767088942,0.983971892650682,"MA","SVM",TRUE
"Yukon","Yukon",0.0149620905088301,0.0119580630416378,0.973079846449532,"MA","SVM",TRUE
"Kusko","Yukon",0.613676061659968,0.00482864049756435,0.381495297842467,"MA","SVM",FALSE
"Kusko","Yukon",0.316546228509666,0.00624223556827632,0.677211535922058,"MA","SVM",FALSE
"Yukon","Yukon",0.000136329895038743,7.5015203164902e-06,0.999856168584645,"MA","SVM",TRUE
"Yukon","Yukon",0.00950889762264474,0.00925857718274627,0.981232525194609,"MA","SVM",TRUE
"Yukon","Yukon",0.00330579346098348,0.00240456655509172,0.994289639983925,"MA","SVM",TRUE
"Yukon","Yukon",0.0140806744759093,0.0109581144409794,0.974961211083111,"MA","SVM",TRUE
"Yukon","Yukon",0.00674686978555892,0.00808137683992775,0.985171753374513,"MA","SVM",TRUE
"Yukon","Yukon",0.0144837681425226,0.0114133439299169,0.97410288792756,"MA","SVM",TRUE
"Yukon","Yukon",0.0138320731078111,0.0106812775717016,0.975486649320487,"MA","SVM",TRUE
"Yukon","Yukon",0.00398694640063644,1.09180447641867e-05,0.996002135554599,"MA","SVM",TRUE
"Nush","Yukon",0.211522384447186,0.663926803401883,0.12455081215093,"MA","SVM",FALSE
"Yukon","Yukon",0.000106851691831513,6.37918269801083e-06,0.99988676912547,"MA","SVM",TRUE
"Yukon","Yukon",0.0137888271827622,0.0106107728636925,0.975600399953545,"MA","SVM",TRUE
"Yukon","Yukon",0.0167062604890806,0.0140587408870299,0.969234998623889,"MA","SVM",TRUE
"Yukon","Yukon",0.0144285159384497,0.01134361052255,0.974227873539,"MA","SVM",TRUE
"Yukon","Yukon",0.0139389686963267,0.0107781746152801,0.975282856688393,"MA","SVM",TRUE
"Yukon","Yukon",0.0135553539849041,0.0103523082576318,0.976092337757464,"MA","SVM",TRUE
"Yukon","Yukon",0.00474295085418176,0.00855671152133455,0.986700337624484,"MA","SVM",TRUE
"Yukon","Yukon",0.0134138065012013,0.010205072830483,0.976381120668316,"MA","SVM",TRUE
"Yukon","Yukon",0.0137873751795421,0.0105369739344669,0.975675650885991,"MA","SVM",TRUE
"Yukon","Yukon",0.0144277903256563,0.0113397216130375,0.974232488061306,"MA","SVM",TRUE
"Yukon","Yukon",0.014090452805948,0.0109187936512353,0.974990753542817,"MA","SVM",TRUE
"Yukon","Yukon",0.00754971289064976,0.00920970173307074,0.98324058537628,"MA","SVM",TRUE
"Yukon","Yukon",0.0015908415476092,0.00327606114557303,0.995133097306818,"MA","SVM",TRUE
"Yukon","Yukon",0.00276976025883374,0.000100341532303928,0.997129898208862,"MA","SVM",TRUE
"Yukon","Yukon",0.0104577822014482,0.0105806477906038,0.978961570007948,"MA","SVM",TRUE
"Yukon","Yukon",0.0320826899342081,0.000258481364936391,0.967658828700856,"MA","SVM",TRUE
"Yukon","Yukon",0.0136044772313111,0.0104128144248661,0.975982708343823,"MA","SVM",TRUE
"Yukon","Yukon",0.0446309850333865,9.585033096284e-05,0.955273164635651,"MA","SVM",TRUE
"Yukon","Yukon",0.0135808312085812,0.0106780860205236,0.975741082770895,"MA","SVM",TRUE
"Yukon","Yukon",0.0144790569937954,0.0112077756122759,0.974313167393929,"MA","SVM",TRUE
"Nush","Yukon",0.417634169212372,0.492220492120363,0.0901453386672655,"MA","SVM",FALSE
"Yukon","Yukon",0.00044462889708087,4.83759284185269e-06,0.999550533510077,"MA","SVM",TRUE
"Yukon","Yukon",0.030692217485808,0.0001232322533259,0.969184550260866,"MA","SVM",TRUE
"Yukon","Yukon",0.00112852274646436,0.00232303723104615,0.99654844002249,"MA","SVM",TRUE
"Yukon","Yukon",0.0135250166981596,0.0103172591192063,0.976157724182634,"MA","SVM",TRUE
"Kusko","Yukon",0.719029357321458,0.0273882296117295,0.253582413066812,"MA","SVM",FALSE
"Kusko","Kusko",0.908302058095911,0.00715906233945346,0.0845388795646351,"MA","SVM",TRUE
"Kusko","Kusko",0.842478568986817,0.0174605549350642,0.140060876078118,"MA","SVM",TRUE
"Kusko","Kusko",0.80731091441501,0.1701686183846,0.0225204672003898,"MA","SVM",TRUE
"Kusko","Kusko",0.974542593083636,0.00944971171767995,0.0160076951986845,"MA","SVM",TRUE
"Kusko","Kusko",0.893923575124915,0.00485618879009606,0.101220236084989,"MA","SVM",TRUE
"Kusko","Kusko",0.906986221874948,0.0663481456887473,0.0266656324363052,"MA","SVM",TRUE
"Kusko","Kusko",0.901265636070842,0.010102331234835,0.0886320326943228,"MA","SVM",TRUE
"Kusko","Kusko",0.904396213543881,0.00506696927647266,0.0905368171796463,"MA","SVM",TRUE
"Nush","Kusko",0.460752685731745,0.479796107918801,0.059451206349454,"MA","SVM",FALSE
"Kusko","Kusko",0.971516728022967,0.00772336906117834,0.0207599029158549,"MA","SVM",TRUE
"Kusko","Kusko",0.96648290066746,0.0184233174673652,0.0150937818651746,"MA","SVM",TRUE
"Kusko","Kusko",0.946470635237557,0.00478006373709483,0.0487493010253478,"MA","SVM",TRUE
"Kusko","Kusko",0.847214572560623,0.0440023088382831,0.108783118601093,"MA","SVM",TRUE
"Kusko","Kusko",0.798183021346974,0.0315063533121179,0.170310625340908,"MA","SVM",TRUE
"Kusko","Kusko",0.875294664892598,0.0142768100772154,0.110428525030186,"MA","SVM",TRUE
"Nush","Kusko",0.0667678079383193,0.917710542906444,0.0155216491552363,"MA","SVM",FALSE
"Kusko","Kusko",0.935995843368005,0.0322681292490916,0.0317360273829032,"MA","SVM",TRUE
"Kusko","Kusko",0.804852113177204,0.0198578534097795,0.175290033413016,"MA","SVM",TRUE
"Kusko","Kusko",0.940143681276608,0.0282102300664792,0.031646088656913,"MA","SVM",TRUE
"Kusko","Kusko",0.967330737638578,0.0219952342554484,0.0106740281059734,"MA","SVM",TRUE
"Nush","Kusko",0.164357731351414,0.440620338549465,0.395021930099121,"MA","SVM",FALSE
"Kusko","Kusko",0.827761169423407,0.00524181056316056,0.166997020013432,"MA","SVM",TRUE
"Kusko","Kusko",0.837822509497555,0.00873538755792373,0.153442102944521,"MA","SVM",TRUE
"Yukon","Kusko",0.155190902832072,0.000809914966705948,0.843999182201222,"MA","SVM",FALSE
"Kusko","Kusko",0.892302451377073,0.00401101403196469,0.103686534590962,"MA","SVM",TRUE
"Kusko","Kusko",0.790159482093539,0.0162421664903552,0.193598351416106,"MA","SVM",TRUE
"Nush","Kusko",0.146522206666676,0.835416412773524,0.0180613805598002,"MA","SVM",FALSE
"Kusko","Kusko",0.972319845826173,0.00834976589132417,0.0193303882825028,"MA","SVM",TRUE
"Kusko","Kusko",0.927297362673259,0.0117771472191102,0.0609254901076306,"MA","SVM",TRUE
"Kusko","Kusko",0.964227113380573,0.0215327075878433,0.0142401790315838,"MA","SVM",TRUE
"Kusko","Kusko",0.935015973841378,0.0281049511897665,0.0368790749688558,"MA","SVM",TRUE
"Kusko","Kusko",0.955871768842017,0.0158811991650616,0.0282470319929213,"MA","SVM",TRUE
"Kusko","Kusko",0.614219932324854,0.253474239256249,0.132305828418896,"MA","SVM",TRUE
"Kusko","Kusko",0.907188474856321,0.0577496475442048,0.0350618775994746,"MA","SVM",TRUE
"Yukon","Yukon",0.0143573541013134,0.0112591403820822,0.974383505516604,"MA","SVM",TRUE
"Yukon","Yukon",0.0119580421963473,0.0109364499162637,0.977105507887389,"MA","SVM",TRUE
"Yukon","Yukon",0.0136434744854145,0.0104611553370343,0.975895370177551,"MA","SVM",TRUE
"Yukon","Yukon",0.00352569064024157,0.00464532865590051,0.991828980703858,"MA","SVM",TRUE
"Yukon","Yukon",0.0136258548782245,0.0104344516630004,0.975939693458775,"MA","SVM",TRUE
"Yukon","Yukon",0.0144704185209962,0.0113930512244163,0.974136530254587,"MA","SVM",TRUE
"Yukon","Yukon",0.016793164562059,0.01416742739427,0.969039408043671,"MA","SVM",TRUE
"Yukon","Yukon",0.011450056319566,0.0100093517908804,0.978540591889554,"MA","SVM",TRUE
"Yukon","Yukon",0.00486433214520521,0.00835564422591024,0.986780023628885,"MA","SVM",TRUE
"Yukon","Yukon",0.0934301120372137,0.0122660319894762,0.89430385597331,"MA","SVM",TRUE
"Yukon","Yukon",0.0141418111331841,0.0110230387984888,0.974835150068327,"MA","SVM",TRUE
"Yukon","Yukon",0.0117862476121385,0.0110424120522152,0.977171340335646,"MA","SVM",TRUE
"Yukon","Yukon",0.013663017984859,0.010493378010072,0.975843604005069,"MA","SVM",TRUE
"Yukon","Yukon",0.00447298089647653,0.00810275785544493,0.987424261248078,"MA","SVM",TRUE
"Yukon","Yukon",0.00754588207972604,0.00847278210978795,0.983981335810486,"MA","SVM",TRUE
"Yukon","Yukon",0.0136946411015458,0.0105044683369881,0.975800890561466,"MA","SVM",TRUE
"Yukon","Yukon",0.0135929039628831,0.0103850501914737,0.976022045845643,"MA","SVM",TRUE
"Yukon","Yukon",0.0140957002025049,0.0109612352807499,0.974943064516745,"MA","SVM",TRUE
"Yukon","Yukon",0.0140957002025049,0.0109612352807499,0.974943064516745,"MA","SVM",TRUE
"Kusko","Yukon",0.347770172837976,0.0101687152086923,0.642061111953331,"MA","SVM",FALSE
"Yukon","Yukon",0.0141833406237217,0.0110770648538185,0.97473959452246,"MA","SVM",TRUE
"Yukon","Yukon",0.0139473589328662,0.0108104699684851,0.975242171098649,"MA","SVM",TRUE
"Yukon","Yukon",0.0136553614765161,0.0104790276145933,0.97586561090889,"MA","SVM",TRUE
"Yukon","Yukon",0.00744707011322356,0.00838633108367501,0.984166598803101,"MA","SVM",TRUE
"Yukon","Yukon",0.00709478294775343,0.00907580182293706,0.98382941522931,"MA","SVM",TRUE
"Kusko","Yukon",0.254162419083521,0.000961146962613456,0.744876433953865,"MA","SVM",FALSE
"Yukon","Yukon",0.00565715438239771,0.00658455112014872,0.987758294497454,"MA","SVM",TRUE
"Yukon","Yukon",0.0136271459148435,0.0110808885589908,0.975291965526166,"MA","SVM",TRUE
"Yukon","Yukon",0.0273133455963325,0.00947718499465938,0.963209469409008,"MA","SVM",TRUE
"Yukon","Yukon",0.0140219776815015,0.0108877362951445,0.975090286023354,"MA","SVM",TRUE
"Yukon","Yukon",0.0135232603983125,0.0103073282514156,0.976169411350272,"MA","SVM",TRUE
"Yukon","Yukon",0.0135618627843448,0.0103575428372282,0.976080594378427,"MA","SVM",TRUE
"Yukon","Yukon",0.013772402806041,0.0105917056302523,0.975635891563707,"MA","SVM",TRUE
"Nush","Yukon",0.102912945400568,0.443834531213517,0.453252523385916,"MA","SVM",FALSE
"Kusko","Yukon",0.359809693816501,0.00382399296386145,0.636366313219637,"MA","SVM",FALSE
"Yukon","Yukon",0.000489074600399369,0.000925408203979793,0.998585517195621,"MA","SVM",TRUE
"Yukon","Yukon",0.00291118749915141,0.00126586564863352,0.995822946852215,"MA","SVM",TRUE
"Yukon","Yukon",0.000848589460575237,0.00192086641007696,0.997230544129348,"MA","SVM",TRUE
"Yukon","Yukon",0.0166361952396847,0.0139736231830381,0.969390181577277,"MA","SVM",TRUE
"Yukon","Yukon",0.0137877234277173,0.0105951003714785,0.975617176200804,"MA","SVM",TRUE
"Yukon","Yukon",0.0143319128935976,0.0112373422823601,0.974430744824042,"MA","SVM",TRUE
"Kusko","Kusko",0.849853909864932,0.142486483666311,0.00765960646875684,"MA","SVM",TRUE
"Kusko","Kusko",0.695353583472616,0.0363967343931801,0.268249682134204,"MA","SVM",TRUE
"Yukon","Yukon",0.00688427910003379,0.00828802316270646,0.98482769773726,"MA","SVM",TRUE
"Kusko","Kusko",0.683962722018677,0.0463809606795902,0.269656317301733,"MA","SVM",TRUE
"Kusko","Kusko",0.828575985471132,0.143580123813993,0.0278438907148751,"MA","SVM",TRUE
"Kusko","Kusko",0.858436740222431,0.136950650178867,0.0046126095987021,"MA","SVM",TRUE
"Kusko","Kusko",0.798573618056635,0.197231319316594,0.00419506262677118,"MA","SVM",TRUE
"Kusko","Kusko",0.975253812034976,0.00942644350116496,0.0153197444638588,"MA","SVM",TRUE
"Kusko","Kusko",0.763874065320785,0.0154897728135567,0.220636161865659,"MA","SVM",TRUE
"Kusko","Kusko",0.934743404572075,0.0582831704179936,0.00697342500993139,"MA","SVM",TRUE
"Kusko","Kusko",0.969675694885356,0.0105371451424105,0.0197871599722332,"MA","SVM",TRUE
"Kusko","Kusko",0.848028707409877,0.138653228584852,0.0133180640052711,"MA","SVM",TRUE
"Kusko","Kusko",0.894991756446349,0.018943184784784,0.0860650587688675,"MA","SVM",TRUE
"Kusko","Kusko",0.961329146939752,0.0251294062300236,0.0135414468302242,"MA","SVM",TRUE
"Kusko","Kusko",0.728541133207685,0.0221305982127835,0.249328268579532,"MA","SVM",TRUE
"Kusko","Kusko",0.893944712146516,0.0186386519651093,0.0874166358883747,"MA","SVM",TRUE
"Kusko","Kusko",0.961890908797236,0.0260998888254221,0.0120092023773419,"MA","SVM",TRUE
"Kusko","Kusko",0.90601212488127,0.0105499692120706,0.0834379059066597,"MA","SVM",TRUE
"Kusko","Kusko",0.723589662451245,0.257692127200363,0.0187182103483916,"MA","SVM",TRUE
"Kusko","Kusko",0.947945127409396,0.0173970806376586,0.0346577919529452,"MA","SVM",TRUE
"Kusko","Kusko",0.951871977743665,0.0393636837958405,0.008764338460494,"MA","SVM",TRUE
"Nush","Kusko",0.0503022307141044,0.938140240127001,0.0115575291588947,"MA","SVM",FALSE
"Kusko","Kusko",0.60843696665998,0.0165118242911912,0.375051209048829,"MA","SVM",TRUE
"Kusko","Kusko",0.925246984346924,0.00717624281828683,0.0675767728347895,"MA","SVM",TRUE
"Kusko","Kusko",0.704096205093899,0.00326973331099715,0.292634061595104,"MA","SVM",TRUE
"Kusko","Kusko",0.875782899510282,0.0634799042553488,0.0607371962343687,"MA","SVM",TRUE
"Kusko","Kusko",0.96948906833449,0.0156744915536796,0.0148364401118298,"MA","SVM",TRUE
"Kusko","Kusko",0.949439471337476,0.0268766505848851,0.0236838780776391,"MA","SVM",TRUE
"Yukon","Yukon",0.0150052959873105,0.0128018097914082,0.972192894221281,"MA","SVM",TRUE
"Yukon","Yukon",0.011149593942722,0.0105515075696435,0.978298898487635,"MA","SVM",TRUE
"Yukon","Yukon",0.0138205709547044,0.0106033011833502,0.975576127861945,"MA","SVM",TRUE
"Yukon","Yukon",0.0146861594243772,0.0116506222313394,0.973663218344283,"MA","SVM",TRUE
"Yukon","Yukon",0.0147877940337073,0.0117525186054277,0.973459687360865,"MA","SVM",TRUE
"Yukon","Yukon",0.0139953823186428,0.0108650147858321,0.975139602895525,"MA","SVM",TRUE
"Yukon","Yukon",0.0107395391116473,0.00976735267788386,0.979493108210469,"MA","SVM",TRUE
"Yukon","Yukon",0.0166889147619623,0.0140392077683482,0.96927187746969,"MA","SVM",TRUE
"Yukon","Yukon",0.0105477486478419,0.0102027942238002,0.979249457128358,"MA","SVM",TRUE
"Kusko","Yukon",0.902791652324112,0.0201388734921174,0.077069474183771,"MA","SVM",FALSE
"Yukon","Yukon",0.0137235201551808,0.0105357753033951,0.975740704541424,"MA","SVM",TRUE
"Yukon","Yukon",0.0152799040568778,0.012344818978568,0.972375276964554,"MA","SVM",TRUE
"Yukon","Yukon",0.167146480160956,0.000813984207999362,0.832039535631045,"MA","SVM",TRUE
"Yukon","Yukon",0.0135659997646402,0.0103640130057168,0.976069987229643,"MA","SVM",TRUE
"Yukon","Yukon",0.00800352558508192,0.00962624694371496,0.982370227471203,"MA","SVM",TRUE
"Yukon","Yukon",0.0136409329882727,0.0104821734137001,0.975876893598027,"MA","SVM",TRUE
"Yukon","Yukon",0.0138000393756796,0.0106306146552102,0.97556934596911,"MA","SVM",TRUE
"Yukon","Yukon",0.0136998463539268,0.0105033324543782,0.975796821191695,"MA","SVM",TRUE
"Yukon","Yukon",0.0157727152722729,0.0129227582301811,0.971304526497546,"MA","SVM",TRUE
"Yukon","Yukon",0.0141463529107267,0.0110274134619838,0.97482623362729,"MA","SVM",TRUE
"Yukon","Yukon",0.0107655836592913,0.00978767384429366,0.979446742496415,"MA","SVM",TRUE
"Yukon","Yukon",0.0622328065050316,0.00025909737149775,0.937508096123471,"MA","SVM",TRUE
"Yukon","Yukon",0.0148135644135262,0.0118010241881618,0.973385411398312,"MA","SVM",TRUE
"Yukon","Yukon",0.0129540317424597,0.00993487947964538,0.977111088777895,"MA","SVM",TRUE
"Yukon","Yukon",0.00503439491364732,0.00799904686789148,0.986966558218461,"MA","SVM",TRUE
"Yukon","Yukon",0.0846650781582945,0.0106559940433545,0.904678927798351,"MA","SVM",TRUE
"Yukon","Yukon",0.0122178568979996,0.0101499526026122,0.977632190499388,"MA","SVM",TRUE
"Yukon","Yukon",0.0135950861535479,0.010318536141997,0.976086377704455,"MA","SVM",TRUE
"Yukon","Yukon",0.0062958845887956,0.00259965553091033,0.991104459880294,"MA","SVM",TRUE
"Yukon","Yukon",0.0140220737316144,0.0108793616035916,0.975098564664794,"MA","SVM",TRUE
"Yukon","Yukon",0.0143051632335952,0.0112008636464158,0.974493973119989,"MA","SVM",TRUE
"Yukon","Yukon",0.0135491746184871,0.0103479173801972,0.976102908001316,"MA","SVM",TRUE
"Yukon","Yukon",0.00337515479516021,0.00553215190266969,0.99109269330217,"MA","SVM",TRUE
"Yukon","Yukon",0.0131429463924247,0.0102960256808263,0.976561027926749,"MA","SVM",TRUE
"Yukon","Yukon",0.0163599576469993,0.0136375998181018,0.970002442534899,"MA","SVM",TRUE
"Yukon","Yukon",0.0144354007236995,0.0113562289125154,0.974208370363785,"MA","SVM",TRUE
"Yukon","Yukon",0.0151676681670555,0.012206195590552,0.972626136242393,"MA","SVM",TRUE
"Kusko","Yukon",0.911122825817615,0.0177670225187207,0.0711101516636644,"MA","SVM",FALSE
"Yukon","Yukon",0.0140857336045774,0.0109225004498615,0.974991765945561,"MA","SVM",TRUE
"Kusko","Yukon",0.333591547951385,0.0219273664705616,0.644481085578054,"MA","SVM",FALSE
"Yukon","Yukon",0.00605841945444412,0.00823925140023313,0.985702329145323,"MA","SVM",TRUE
"Yukon","Yukon",0.00565824976899043,0.00864247608353081,0.985699274147479,"MA","SVM",TRUE
"Yukon","Yukon",0.0166174983975763,0.0139509387079894,0.969431562894434,"MA","SVM",TRUE
"Yukon","Yukon",0.0055107343717754,0.00703231598756948,0.987456949640655,"MA","SVM",TRUE
"Kusko","Yukon",0.408153965233868,0.0109372296214516,0.580908805144681,"MA","SVM",FALSE
"Yukon","Yukon",0.00863176893590755,0.000124698664076394,0.991243532400016,"MA","SVM",TRUE
"Yukon","Yukon",0.00104640353557782,1.09882673752369e-05,0.998942608197047,"MA","SVM",TRUE
"Yukon","Yukon",0.00278204778527704,0.00224707559224226,0.994970876622481,"MA","SVM",TRUE
"Kusko","Kusko",0.859541858211253,0.0113076409345312,0.129150500854215,"MA","SVM",TRUE
"Kusko","Kusko",0.956449662445054,0.0282355756177164,0.0153147619372301,"MA","SVM",TRUE
"Kusko","Kusko",0.733789362593597,0.263513217441633,0.00269741996476988,"MA","SVM",TRUE
"Kusko","Kusko",0.804395391010124,0.0268808682011918,0.168723740788684,"MA","SVM",TRUE
"Kusko","Kusko",0.854116855209344,0.103663919509477,0.042219225281179,"MA","SVM",TRUE
"Nush","Kusko",0.40898690618253,0.588338212277022,0.00267488154044869,"MA","SVM",FALSE
"Kusko","Kusko",0.519667164819813,0.469387365756598,0.0109454694235889,"MA","SVM",TRUE
"Kusko","Kusko",0.962363654943354,0.0175623977710734,0.020073947285573,"MA","SVM",TRUE
"Kusko","Kusko",0.953686111692923,0.0274263961680902,0.018887492138987,"MA","SVM",TRUE
"Kusko","Kusko",0.748909463537893,0.245143824419036,0.00594671204307075,"MA","SVM",TRUE
"Kusko","Kusko",0.941194908016329,0.0189577376515854,0.0398473543320851,"MA","SVM",TRUE
"Nush","Kusko",0.295324577100133,0.37199218987429,0.332683233025577,"MA","SVM",FALSE
"Yukon","Kusko",0.193354382134939,0.0015451707558677,0.805100447109193,"MA","SVM",FALSE
"Kusko","Kusko",0.893040385449079,0.0064054562091094,0.100554158341811,"MA","SVM",TRUE
"Kusko","Kusko",0.753508260813424,0.21289104839992,0.0336006907866561,"MA","SVM",TRUE
"Kusko","Kusko",0.723608111369249,0.272481777446756,0.00391011118399577,"MA","SVM",TRUE
"Kusko","Kusko",0.854503064013504,0.00508677678989348,0.140410159196602,"MA","SVM",TRUE
"Nush","Kusko",0.0344302571487918,0.963383980129061,0.00218576272214696,"MA","SVM",FALSE
"Kusko","Kusko",0.943696653948625,0.026752577381131,0.0295507686702435,"MA","SVM",TRUE
"Kusko","Kusko",0.836685498394091,0.0112482390539521,0.152066262551957,"MA","SVM",TRUE
"Kusko","Kusko",0.93552195109952,0.0169657048312824,0.0475123440691972,"MA","SVM",TRUE
"Kusko","Kusko",0.884298878247415,0.0936868327186255,0.0220142890339595,"MA","SVM",TRUE
"Kusko","Kusko",0.917886251984886,0.0227223404222625,0.0593914075928518,"MA","SVM",TRUE
"Kusko","Kusko",0.722144976323469,0.00630527239161323,0.271549751284917,"MA","SVM",TRUE
"Kusko","Kusko",0.921273612934083,0.0230648528222754,0.0556615342436418,"MA","SVM",TRUE
"Kusko","Kusko",0.963355375373193,0.0230692102945507,0.0135754143322565,"MA","SVM",TRUE
"Kusko","Kusko",0.687681800302815,0.269036831934684,0.0432813677625009,"MA","SVM",TRUE
"Kusko","Kusko",0.873313397865504,0.0119248561271707,0.114761746007326,"MA","SVM",TRUE
"Kusko","Kusko",0.946143136770027,0.0428321609780066,0.0110247022519661,"MA","SVM",TRUE
"Kusko","Kusko",0.589291318973317,0.0198345785998889,0.390874102426794,"MA","SVM",TRUE
"Kusko","Kusko",0.89224258110553,0.103134333176967,0.00462308571750373,"MA","SVM",TRUE
"Kusko","Kusko",0.942701033550356,0.0158865824882395,0.0414123839614044,"MA","SVM",TRUE
"Kusko","Kusko",0.943201272248186,0.018504114941177,0.0382946128106367,"MA","SVM",TRUE
"Kusko","Kusko",0.960547607156981,0.0174993559449491,0.02195303689807,"MA","SVM",TRUE
"Kusko","Kusko",0.892247607184034,0.00623613820707659,0.10151625460889,"MA","SVM",TRUE
"Kusko","Kusko",0.930886643629942,0.00717772642186224,0.0619356299481953,"MA","SVM",TRUE
"Kusko","Kusko",0.819719955324749,0.0353922795680945,0.144887765107156,"MA","SVM",TRUE
"Kusko","Kusko",0.824393209369059,0.0391190525018252,0.136487738129115,"MA","SVM",TRUE
"Kusko","Kusko",0.800851290342704,0.00285720073842564,0.19629150891887,"MA","SVM",TRUE
"Kusko","Kusko",0.935899701747722,0.0288664892737886,0.0352338089784895,"MA","SVM",TRUE
"Kusko","Kusko",0.942636147246068,0.0216435115990728,0.0357203411548588,"MA","SVM",TRUE
"Yukon","Kusko",0.0136094612038784,0.0111504538384054,0.975240084957716,"MA","SVM",FALSE
"Kusko","Kusko",0.932358635484815,0.00888377238898064,0.0587575921262046,"MA","SVM",TRUE
"Kusko","Kusko",0.966376491755935,0.0187221343227661,0.0149013739212987,"MA","SVM",TRUE
"Kusko","Kusko",0.651323919070769,0.0310693345877986,0.317606746341432,"MA","SVM",TRUE
"Kusko","Kusko",0.972922233200256,0.0129230558481711,0.0141547109515732,"MA","SVM",TRUE
"Kusko","Kusko",0.930585171281622,0.0639736371735426,0.00544119154483564,"MA","SVM",TRUE
"Kusko","Kusko",0.971907419123538,0.00990781240252275,0.0181847684739389,"MA","SVM",TRUE
"Kusko","Kusko",0.842511951175591,0.0137691956769307,0.143718853147479,"MA","SVM",TRUE
"Kusko","Kusko",0.460471833199555,0.361090801942147,0.178437364858297,"MA","SVM",TRUE
"Kusko","Kusko",0.808361587183694,0.158470378520201,0.0331680342961057,"MA","SVM",TRUE
"Kusko","Kusko",0.910879040479613,0.00660028608008345,0.0825206734403034,"MA","SVM",TRUE
"Kusko","Kusko",0.415584550297429,0.00781362403896103,0.57660182566361,"MA","SVM",TRUE
"Kusko","Kusko",0.72984997009556,0.26662118818581,0.00352884171862949,"MA","SVM",TRUE
"Kusko","Kusko",0.796430157661072,0.0122476354305412,0.191322206908387,"MA","SVM",TRUE
"Kusko","Kusko",0.856537420295184,0.0295139284419836,0.113948651262832,"MA","SVM",TRUE
"Kusko","Kusko",0.945698976648352,0.0334158482250103,0.0208851751266381,"MA","SVM",TRUE
"Kusko","Kusko",0.935933495121546,0.010682048406232,0.0533844564722222,"MA","SVM",TRUE
"Nush","Kusko",0.186205102642452,0.81268937312474,0.00110552423280874,"MA","SVM",FALSE
"Kusko","Kusko",0.928762467398353,0.0441060257002371,0.0271315069014096,"MA","SVM",TRUE
"Kusko","Kusko",0.914521301341828,0.0593582766299262,0.0261204220282459,"MA","SVM",TRUE
"Kusko","Kusko",0.901396274122094,0.0833145256043768,0.0152892002735297,"MA","SVM",TRUE
"Kusko","Kusko",0.942406218899957,0.0399023092592814,0.0176914718407621,"MA","SVM",TRUE
"Kusko","Kusko",0.865340380039372,0.041599812643212,0.0930598073174162,"MA","SVM",TRUE
"Kusko","Kusko",0.919443205616781,0.0277631714776443,0.0527936229055751,"MA","SVM",TRUE
"Kusko","Kusko",0.90344339171217,0.0138598582298399,0.0826967500579899,"MA","SVM",TRUE
"Kusko","Kusko",0.902401920764067,0.0287551382713722,0.0688429409645611,"MA","SVM",TRUE
"Kusko","Kusko",0.943507631118463,0.0201140168232578,0.0363783520582787,"MA","SVM",TRUE
"Yukon","Yukon",0.0154399499288483,0.0125975920252939,0.971962458045858,"MA","SVM",TRUE
"Yukon","Yukon",0.0137264051589375,0.0105431412600384,0.975730453581024,"MA","SVM",TRUE
"Yukon","Yukon",0.0135755234878001,0.0103708031555093,0.976053673356691,"MA","SVM",TRUE
"Yukon","Yukon",0.0137376718124801,0.0104230145981352,0.975839313589385,"MA","SVM",TRUE
"Yukon","Yukon",0.0284091293666812,0.00887690758245584,0.962713963050863,"MA","SVM",TRUE
"Yukon","Yukon",0.0199476348245902,0.00386873861943125,0.976183626555979,"MA","SVM",TRUE
"Yukon","Yukon",0.0135405324994883,0.0103613520478534,0.976098115452658,"MA","SVM",TRUE
"Yukon","Yukon",0.0134387166941085,0.0102349573320325,0.976326325973859,"MA","SVM",TRUE
"Yukon","Yukon",0.0146668258609824,0.0116117621945877,0.97372141194443,"MA","SVM",TRUE
"Yukon","Yukon",0.0156458038833143,0.0127710214709905,0.971583174645695,"MA","SVM",TRUE
"Yukon","Yukon",0.0160255706912133,0.0132318932512618,0.970742536057525,"MA","SVM",TRUE
"Yukon","Yukon",0.0137118385225425,0.010550478965008,0.97573768251245,"MA","SVM",TRUE
"Yukon","Yukon",0.0162447656319928,0.0134962649359964,0.970258969432011,"MA","SVM",TRUE
"Yukon","Yukon",0.0152495273699614,0.0122947681289593,0.972455704501079,"MA","SVM",TRUE
"Kusko","Yukon",0.947169337894604,0.00917255181530679,0.0436581102900891,"MA","SVM",FALSE
"Yukon","Yukon",0.0141418800517454,0.011020315085119,0.974837804863136,"MA","SVM",TRUE
