".pred_class","Watershed",".pred_Kusko",".pred_Nush",".pred_Yukon","Dataset","Model","Correct"
"Nush","Nush",0.242173535702594,0.756621539083724,0.0012049252136816,"RAW","SVM",TRUE
"Nush","Nush",0.00857324591125419,0.990859663027986,0.000567091060759744,"RAW","SVM",TRUE
"Kusko","Nush",0.512489731546868,0.43894593387642,0.0485643345767119,"RAW","SVM",FALSE
"Nush","Nush",0.423930260802027,0.565098893388529,0.0109708458094439,"RAW","SVM",TRUE
"Nush","Nush",0.0196706372929606,0.979286539423672,0.00104282328336735,"RAW","SVM",TRUE
"Nush","Nush",0.00206400113104976,0.997883440142768,5.25587261819673e-05,"RAW","SVM",TRUE
"Nush","Nush",0.00742007941637701,0.992513029069233,6.68915143898495e-05,"RAW","SVM",TRUE
"Nush","Nush",0.350455580262212,0.617629074637678,0.0319153451001096,"RAW","SVM",TRUE
"Nush","Nush",0.0479334644924013,0.946723291829412,0.00534324367818678,"RAW","SVM",TRUE
"Nush","Nush",0.0411876014719896,0.958674551234447,0.000137847293563232,"RAW","SVM",TRUE
"Nush","Nush",0.00186067728206662,0.998011934451482,0.000127388266451321,"RAW","SVM",TRUE
"Nush","Nush",0.0730908852224021,0.921767006414593,0.00514210836300453,"RAW","SVM",TRUE
"Nush","Nush",0.00129812510527975,0.998517304719487,0.000184570175232943,"RAW","SVM",TRUE
"Nush","Nush",0.274909685835724,0.723154483802673,0.00193583036160388,"RAW","SVM",TRUE
"Nush","Nush",0.0356214158509957,0.963855271773907,0.000523312375097669,"RAW","SVM",TRUE
"Nush","Nush",0.0297598556732027,0.969684048043602,0.000556096283195591,"RAW","SVM",TRUE
"Nush","Nush",0.370083797587587,0.623044985861165,0.00687121655124836,"RAW","SVM",TRUE
"Nush","Nush",0.00161541819270761,0.998352557670918,3.2024136374594e-05,"RAW","SVM",TRUE
"Nush","Nush",0.00185614149839752,0.997957052013165,0.000186806488437427,"RAW","SVM",TRUE
"Nush","Nush",0.045783158179212,0.951413993992677,0.00280284782811106,"RAW","SVM",TRUE
"Nush","Nush",0.00080181292039927,0.999185025514366,1.31615652349343e-05,"RAW","SVM",TRUE
"Nush","Nush",0.00173308897470661,0.998054109704583,0.00021280132071032,"RAW","SVM",TRUE
"Kusko","Nush",0.717240886668001,0.252178590118933,0.0305805232130653,"RAW","SVM",FALSE
"Kusko","Nush",0.774180851734452,0.195676003668278,0.0301431445972701,"RAW","SVM",FALSE
"Nush","Nush",0.0167649340809791,0.982427678090421,0.00080738782859962,"RAW","SVM",TRUE
"Nush","Nush",0.00328492014769599,0.996643894409833,7.1185442470905e-05,"RAW","SVM",TRUE
"Nush","Nush",0.039479437839686,0.959659749500603,0.000860812659711302,"RAW","SVM",TRUE
"Nush","Nush",0.00168136639575556,0.998289784690442,2.88489138020537e-05,"RAW","SVM",TRUE
"Nush","Nush",0.0431850680759609,0.955013405734111,0.00180152618992792,"RAW","SVM",TRUE
"Nush","Nush",0.477090104700602,0.491010821732671,0.0318990735667271,"RAW","SVM",TRUE
"Nush","Nush",0.023986175304496,0.972512512021014,0.00350131267449038,"RAW","SVM",TRUE
"Nush","Nush",0.0356736915466792,0.963608630335634,0.000717678117687056,"RAW","SVM",TRUE
"Nush","Nush",0.0240018091064039,0.974859859284446,0.00113833160915007,"RAW","SVM",TRUE
"Nush","Nush",0.000240199335396651,0.999739559474581,2.02411900227223e-05,"RAW","SVM",TRUE
"Kusko","Nush",0.649637766854175,0.312963058256975,0.03739917488885,"RAW","SVM",FALSE
"Nush","Nush",0.1906947665662,0.806076265383016,0.00322896805078386,"RAW","SVM",TRUE
"Kusko","Nush",0.418829068385901,0.14672732487029,0.434443606743809,"RAW","SVM",FALSE
"Nush","Nush",0.0190026652226551,0.980620260600351,0.000377074176994096,"RAW","SVM",TRUE
"Nush","Nush",0.128168782595384,0.86543746852223,0.00639374888238634,"RAW","SVM",TRUE
"Nush","Nush",0.0514406925004509,0.945002599623362,0.0035567078761875,"RAW","SVM",TRUE
"Nush","Nush",0.0489189597052373,0.945460211411037,0.00562082888372546,"RAW","SVM",TRUE
"Nush","Nush",0.0211032259116114,0.977904690972572,0.000992083115816678,"RAW","SVM",TRUE
"Kusko","Nush",0.824532158993393,0.113959197713392,0.0615086432932146,"RAW","SVM",FALSE
"Nush","Nush",0.466030148453821,0.46075507404965,0.0732147774965283,"RAW","SVM",TRUE
"Nush","Nush",0.242368297762654,0.726622408457908,0.0310092937794385,"RAW","SVM",TRUE
"Nush","Nush",0.149274826957614,0.842519465056807,0.00820570798557957,"RAW","SVM",TRUE
"Nush","Nush",0.455809960346802,0.521688874574524,0.0225011650786735,"RAW","SVM",TRUE
"Nush","Nush",0.370300055532271,0.621935571775946,0.00776437269178334,"RAW","SVM",TRUE
"Kusko","Nush",0.73240151322557,0.225254940792948,0.0423435459814827,"RAW","SVM",FALSE
"Nush","Nush",0.0137620503038639,0.985093615238961,0.00114433445717469,"RAW","SVM",TRUE
"Nush","Nush",0.0260979672650881,0.968294990699244,0.00560704203566826,"RAW","SVM",TRUE
"Nush","Nush",0.0068461361994383,0.992779167290401,0.000374696510160896,"RAW","SVM",TRUE
"Nush","Nush",0.0657967193306183,0.931683043422116,0.00252023724726538,"RAW","SVM",TRUE
"Nush","Nush",0.0296522472002253,0.969292526426249,0.00105522637352593,"RAW","SVM",TRUE
"Nush","Nush",0.073580219096887,0.921396571096103,0.00502320980700963,"RAW","SVM",TRUE
"Nush","Nush",0.00969716975252412,0.987921463232531,0.00238136701494493,"RAW","SVM",TRUE
"Nush","Nush",0.0027120922556525,0.997225931605423,6.19761389241112e-05,"RAW","SVM",TRUE
"Nush","Nush",0.0293650154674742,0.969593679931133,0.00104130460139332,"RAW","SVM",TRUE
"Nush","Nush",0.316056962456305,0.541875487650373,0.142067549893322,"RAW","SVM",TRUE
"Nush","Nush",0.00514982422589727,0.994653502979612,0.000196672794490825,"RAW","SVM",TRUE
"Kusko","Nush",0.537407808507629,0.00376710148538038,0.458825090006991,"RAW","SVM",FALSE
"Nush","Nush",0.0200788250991072,0.978759300697196,0.00116187420369661,"RAW","SVM",TRUE
"Nush","Nush",0.425052145592696,0.5340496741742,0.0408981802331045,"RAW","SVM",TRUE
"Nush","Nush",0.0294618688181004,0.944461971004948,0.0260761601769513,"RAW","SVM",TRUE
"Nush","Nush",0.0388730049518634,0.959112138105023,0.00201485694311354,"RAW","SVM",TRUE
"Kusko","Nush",0.515417952536479,0.407305569177501,0.0772764782860198,"RAW","SVM",FALSE
"Kusko","Nush",0.753067041179787,0.209185466170345,0.0377474926498683,"RAW","SVM",FALSE
"Nush","Nush",0.0129751740923506,0.986804918718384,0.000219907189264857,"RAW","SVM",TRUE
"Nush","Nush",0.00505373241450802,0.99480541272673,0.000140854858762396,"RAW","SVM",TRUE
"Nush","Nush",0.036546390168389,0.961781239266417,0.00167237056519445,"RAW","SVM",TRUE
"Nush","Nush",0.0456426395718776,0.935265944592934,0.019091415835188,"RAW","SVM",TRUE
"Nush","Nush",0.294227082064333,0.69746261594534,0.00831030199032699,"RAW","SVM",TRUE
"Nush","Nush",0.0251886453651664,0.973927869381154,0.000883485253679887,"RAW","SVM",TRUE
"Nush","Nush",0.0126844285230886,0.984999876502936,0.0023156949739757,"RAW","SVM",TRUE
"Nush","Nush",0.0296498096136325,0.96689629415599,0.00345389623037728,"RAW","SVM",TRUE
"Nush","Nush",0.0569488883545437,0.937654193702868,0.00539691794258791,"RAW","SVM",TRUE
"Nush","Nush",0.0226098489404287,0.977184161870436,0.000205989189134922,"RAW","SVM",TRUE
"Nush","Nush",0.298457188349884,0.677904187524583,0.0236386241255329,"RAW","SVM",TRUE
"Nush","Nush",0.0512693359054345,0.945745360703005,0.00298530339156043,"RAW","SVM",TRUE
"Nush","Nush",0.0660883941056171,0.925356987674005,0.00855461822037769,"RAW","SVM",TRUE
"Nush","Nush",0.013312567412751,0.986481060059592,0.000206372527657264,"RAW","SVM",TRUE
"Nush","Nush",0.183695259896557,0.810223470337016,0.00608126976642731,"RAW","SVM",TRUE
"Nush","Nush",0.109675873936756,0.84910138836675,0.0412227376964946,"RAW","SVM",TRUE
"Nush","Nush",0.0135499620161054,0.986206722711046,0.000243315272849044,"RAW","SVM",TRUE
"Nush","Nush",0.106395114953919,0.879362076110981,0.0142428089351001,"RAW","SVM",TRUE
"Nush","Nush",0.00229696664250167,0.997541761102345,0.000161272255152971,"RAW","SVM",TRUE
"Nush","Nush",0.0974709927425359,0.887001496707014,0.0155275105504503,"RAW","SVM",TRUE
"Nush","Nush",0.00429307469293583,0.995381927691328,0.000324997615736542,"RAW","SVM",TRUE
"Nush","Nush",0.141276024413641,0.856389421286844,0.0023345542995148,"RAW","SVM",TRUE
"Nush","Nush",0.0821958964536042,0.856443708555417,0.061360394990979,"RAW","SVM",TRUE
"Nush","Nush",0.0163110516951591,0.982872234265503,0.000816714039337429,"RAW","SVM",TRUE
"Nush","Nush",0.00410690231804928,0.99554097379925,0.000352123882700327,"RAW","SVM",TRUE
"Nush","Nush",0.00179176826356209,0.998098389541788,0.000109842194649537,"RAW","SVM",TRUE
"Nush","Nush",0.0248045679595844,0.974418226834756,0.000777205205659515,"RAW","SVM",TRUE
"Nush","Nush",0.0136692385053868,0.984807593935216,0.00152316755939744,"RAW","SVM",TRUE
"Nush","Nush",0.00141129651019822,0.998574449700793,1.42537890091472e-05,"RAW","SVM",TRUE
"Kusko","Nush",0.861529922345547,0.125542481339695,0.0129275963147577,"RAW","SVM",FALSE
"Nush","Nush",0.0519410379886075,0.945164322650818,0.00289463936057428,"RAW","SVM",TRUE
"Nush","Nush",0.0543853630689565,0.944068221291845,0.00154641563919807,"RAW","SVM",TRUE
"Nush","Nush",0.0284110178461024,0.970732829413393,0.000856152740504983,"RAW","SVM",TRUE
"Kusko","Nush",0.683467104136525,0.280680384207959,0.0358525116555152,"RAW","SVM",FALSE
"Nush","Nush",0.357286392409537,0.627558620652375,0.0151549869380874,"RAW","SVM",TRUE
"Nush","Nush",0.0680171270493406,0.930957213678708,0.00102565927195107,"RAW","SVM",TRUE
"Nush","Nush",0.00395662804589845,0.99561785705905,0.000425514895051471,"RAW","SVM",TRUE
"Nush","Nush",0.00299153112265638,0.996937147891659,7.13209856851063e-05,"RAW","SVM",TRUE
"Nush","Nush",0.038320251520133,0.960160807047193,0.00151894143267443,"RAW","SVM",TRUE
"Nush","Nush",0.0716347194942428,0.927261143415299,0.00110413709045816,"RAW","SVM",TRUE
"Nush","Nush",0.0148526821477838,0.98270371210475,0.00244360574746624,"RAW","SVM",TRUE
"Nush","Nush",0.080486708371586,0.918838712809358,0.000674578819056353,"RAW","SVM",TRUE
"Nush","Nush",0.0197344413213625,0.979923634436874,0.000341924241763509,"RAW","SVM",TRUE
"Nush","Nush",0.00292921868795992,0.996973684525763,9.70967862768589e-05,"RAW","SVM",TRUE
"Kusko","Nush",0.856602923853014,0.0590394783857768,0.0843575977612097,"RAW","SVM",FALSE
"Nush","Nush",0.00502058980799914,0.993480386644467,0.00149902354753407,"RAW","SVM",TRUE
"Nush","Nush",0.0213281810401185,0.977014806129207,0.0016570128306748,"RAW","SVM",TRUE
"Nush","Nush",0.14344591274037,0.855321535542173,0.00123255171745711,"RAW","SVM",TRUE
"Nush","Nush",0.00815606171185701,0.991586474513468,0.000257463774675099,"RAW","SVM",TRUE
"Nush","Nush",0.0976574049782113,0.896156407333188,0.00618618768860075,"RAW","SVM",TRUE
"Nush","Nush",0.0356659132213775,0.963907432288315,0.000426654490307781,"RAW","SVM",TRUE
"Nush","Nush",0.0158239419355857,0.983814308161196,0.00036174990321833,"RAW","SVM",TRUE
"Nush","Nush",0.0267828987521946,0.972834744439824,0.00038235680798117,"RAW","SVM",TRUE
"Nush","Nush",0.00218507594530715,0.997770418197452,4.4505857241208e-05,"RAW","SVM",TRUE
"Nush","Nush",0.00102695650935036,0.9989406610082,3.23824824496166e-05,"RAW","SVM",TRUE
"Nush","Nush",0.0152269888019282,0.984692004571043,8.10066270284718e-05,"RAW","SVM",TRUE
"Nush","Nush",0.138191723083517,0.858802781720674,0.00300549519580877,"RAW","SVM",TRUE
"Nush","Nush",6.50562123879483e-05,0.999930602907847,4.34087976501244e-06,"RAW","SVM",TRUE
"Nush","Nush",0.00170942759689538,0.998082856859178,0.000207715543926733,"RAW","SVM",TRUE
"Nush","Nush",0.00750829101274391,0.991493298710607,0.000998410276648746,"RAW","SVM",TRUE
"Nush","Nush",0.00248858179065314,0.997466644838185,4.47733711617335e-05,"RAW","SVM",TRUE
"Nush","Nush",0.0101168025382675,0.987799529736891,0.00208366772484142,"RAW","SVM",TRUE
"Nush","Nush",0.0250908598640461,0.974210060228714,0.000699079907239942,"RAW","SVM",TRUE
"Nush","Nush",0.0101722494898863,0.989114627201796,0.000713123308317424,"RAW","SVM",TRUE
"Nush","Nush",0.00223082192005841,0.997563581178412,0.000205596901529331,"RAW","SVM",TRUE
"Nush","Nush",0.00199105463621071,0.997877952192338,0.000130993171451295,"RAW","SVM",TRUE
"Nush","Nush",0.00143916565436864,0.998412375877348,0.000148458468283487,"RAW","SVM",TRUE
"Nush","Nush",0.0280780614907895,0.970588527447522,0.00133341106168877,"RAW","SVM",TRUE
"Nush","Nush",0.276186447878687,0.60943679652071,0.114376755600603,"RAW","SVM",TRUE
"Nush","Nush",0.152418778213969,0.845308113463557,0.00227310832247398,"RAW","SVM",TRUE
"Nush","Nush",0.00939711511415053,0.990232727499952,0.000370157385897977,"RAW","SVM",TRUE
"Nush","Nush",0.00388506136330224,0.995886699810661,0.000228238826037151,"RAW","SVM",TRUE
"Yukon","Yukon",0.000579826645317584,9.13382777579233e-05,0.999328835076924,"RAW","SVM",TRUE
"Yukon","Yukon",0.112590347140148,0.000880145516776653,0.886529507343075,"RAW","SVM",TRUE
"Yukon","Yukon",0.00289009727509131,0.000371910984663892,0.996737991740245,"RAW","SVM",TRUE
"Yukon","Yukon",0.0104992867107598,0.000764354979855487,0.988736358309385,"RAW","SVM",TRUE
"Yukon","Yukon",0.0135755005703363,0.000767850466952719,0.985656648962711,"RAW","SVM",TRUE
"Yukon","Yukon",0.00192992093076193,0.000405342753895374,0.997664736315343,"RAW","SVM",TRUE
"Yukon","Yukon",0.00031768921075639,8.67340343335456e-05,0.99959557675491,"RAW","SVM",TRUE
"Yukon","Yukon",0.0322430744118901,0.00300556487257613,0.964751360715534,"RAW","SVM",TRUE
"Yukon","Yukon",0.00583665187589363,0.000758995500086215,0.99340435262402,"RAW","SVM",TRUE
"Yukon","Yukon",0.017365913923319,0.000772146743902998,0.981861939332778,"RAW","SVM",TRUE
"Yukon","Yukon",0.00072638270244411,0.000280709773743799,0.998992907523812,"RAW","SVM",TRUE
"Yukon","Yukon",0.00250240922302671,0.000452018405523315,0.99704557237145,"RAW","SVM",TRUE
"Yukon","Yukon",0.00860189766795783,0.000762213312037625,0.990635889020005,"RAW","SVM",TRUE
"Yukon","Yukon",0.0278005055571255,0.000740088083405156,0.971459406359469,"RAW","SVM",TRUE
"Yukon","Yukon",7.46793983680176e-05,1.59471065337445e-08,0.999925304654525,"RAW","SVM",TRUE
"Yukon","Yukon",0.0512176414685223,0.000810516346814866,0.947971842184663,"RAW","SVM",TRUE
"Yukon","Yukon",0.000312958714288626,2.42424629347713e-07,0.999686798861082,"RAW","SVM",TRUE
"Kusko","Yukon",0.712916487621468,0.00151047801737754,0.285573034361154,"RAW","SVM",FALSE
"Yukon","Yukon",0.00999527177012207,0.000763789922492467,0.989240938307385,"RAW","SVM",TRUE
"Yukon","Yukon",0.000666720517069974,0.000208262104120372,0.99912501737881,"RAW","SVM",TRUE
"Kusko","Yukon",0.770457404930557,0.0184221367254002,0.211120458344043,"RAW","SVM",FALSE
"Yukon","Yukon",0.00348237722458781,0.000669546617712863,0.995848076157699,"RAW","SVM",TRUE
"Yukon","Yukon",0.0345210990042441,1.9889142940147e-05,0.965459011852816,"RAW","SVM",TRUE
"Yukon","Yukon",0.0094803347564294,1.17103170327425e-06,0.990518494211867,"RAW","SVM",TRUE
"Nush","Yukon",0.232489118564588,0.746110850631204,0.0214000308042085,"RAW","SVM",FALSE
"Yukon","Yukon",0.0021663044606347,0.000425367426610151,0.997408328112755,"RAW","SVM",TRUE
"Yukon","Yukon",0.020358527725485,0.000775066760803955,0.978866405513711,"RAW","SVM",TRUE
"Yukon","Yukon",0.00157785938434339,0.000236390660147258,0.998185749955509,"RAW","SVM",TRUE
"Yukon","Yukon",0.00897007398745485,0.000762624352536724,0.990267301660008,"RAW","SVM",TRUE
"Yukon","Yukon",0.00063830472697835,0.000192323235174147,0.999169372037848,"RAW","SVM",TRUE
"Kusko","Yukon",0.605273281647871,0.204888050567484,0.189838667784646,"RAW","SVM",FALSE
"Yukon","Yukon",0.000529143571883831,0.000186383543677723,0.999284472884438,"RAW","SVM",TRUE
"Yukon","Yukon",0.163866681494001,0.000221106065834195,0.835912212440164,"RAW","SVM",TRUE
"Kusko","Yukon",0.735734340836195,0.00988921468992753,0.254376444473877,"RAW","SVM",FALSE
"Nush","Yukon",0.00458423851722789,0.995308403055115,0.000107358427656636,"RAW","SVM",FALSE
"Yukon","Yukon",0.000215439990790899,1.56298506276199e-05,0.999768930158581,"RAW","SVM",TRUE
"Yukon","Yukon",0.00177985114600782,8.45566815357825e-05,0.998135592172456,"RAW","SVM",TRUE
"Yukon","Yukon",0.000769019131100962,0.000211064506494757,0.999019916362404,"RAW","SVM",TRUE
"Yukon","Yukon",0.000158155219356639,2.06397298675907e-08,0.999841824140913,"RAW","SVM",TRUE
"Yukon","Yukon",0.000847109390281767,0.000218165859605653,0.998934724750113,"RAW","SVM",TRUE
"Yukon","Yukon",0.000428415623741844,0.000163708004462311,0.999407876371796,"RAW","SVM",TRUE
"Yukon","Yukon",0.0118911685956715,0.000752624583531565,0.987356206820797,"RAW","SVM",TRUE
"Yukon","Yukon",0.000630808043199432,0.000166304853659588,0.999202887103141,"RAW","SVM",TRUE
"Yukon","Yukon",0.0122392548023383,0.000619022684268614,0.987141722513393,"RAW","SVM",TRUE
"Kusko","Yukon",0.618872734439786,0.0123052083063986,0.368822057253816,"RAW","SVM",FALSE
"Yukon","Yukon",0.159011616260118,2.04582854168112e-05,0.840967925454466,"RAW","SVM",TRUE
"Yukon","Yukon",0.0468543192257012,4.75170665188949e-06,0.953140929067647,"RAW","SVM",TRUE
"Yukon","Yukon",0.0092787332310193,0.000218093241665385,0.990503173527315,"RAW","SVM",TRUE
"Yukon","Yukon",0.0425106442743827,0.000735252327045168,0.956754103398572,"RAW","SVM",TRUE
"Yukon","Yukon",0.0162128332729722,0.000770839569690824,0.983016327157337,"RAW","SVM",TRUE
"Yukon","Yukon",0.000194594815504026,1.36178605821467e-05,0.999791787323914,"RAW","SVM",TRUE
"Yukon","Yukon",0.0105148339165985,0.00076438146141786,0.988720784621984,"RAW","SVM",TRUE
"Yukon","Yukon",0.00516136944742421,0.000509354545599388,0.994329276006976,"RAW","SVM",TRUE
"Yukon","Yukon",0.102515539167861,0.000165182875098515,0.89731927795704,"RAW","SVM",TRUE
"Nush","Yukon",0.18791006734238,0.733042177489172,0.0790477551684486,"RAW","SVM",FALSE
"Yukon","Yukon",0.0334392295981776,1.80845926725035e-05,0.96654268580915,"RAW","SVM",TRUE
"Yukon","Yukon",0.0101139801200687,0.000712599112863301,0.989173420767068,"RAW","SVM",TRUE
"Yukon","Yukon",0.0615392433139437,0.000822230136471867,0.937638526549584,"RAW","SVM",TRUE
"Yukon","Yukon",0.0165766809148842,0.000771251861201528,0.982652067223914,"RAW","SVM",TRUE
"Yukon","Yukon",0.00356520462475124,0.000522558408054543,0.995912236967194,"RAW","SVM",TRUE
"Yukon","Yukon",0.00564606781390645,0.000691422145442461,0.993662510040651,"RAW","SVM",TRUE
"Yukon","Yukon",0.00136678060977494,0.000311690529209957,0.998321528861015,"RAW","SVM",TRUE
"Yukon","Yukon",0.00242533473821088,0.00052174645264997,0.997052918809139,"RAW","SVM",TRUE
"Yukon","Yukon",0.00264807120506862,0.000390635661427926,0.996961293133503,"RAW","SVM",TRUE
"Yukon","Yukon",0.06314081366407,0.000824042086871806,0.936035144249058,"RAW","SVM",TRUE
"Yukon","Yukon",0.00197423876929932,0.000289817373628587,0.997735943857072,"RAW","SVM",TRUE
"Yukon","Yukon",0.00334190776238062,0.000241318608317344,0.996416773629302,"RAW","SVM",TRUE
"Yukon","Yukon",0.000657432131193712,1.55270059794225e-05,0.999327040862827,"RAW","SVM",TRUE
"Yukon","Yukon",0.251156825296311,0.0116228129474337,0.737220361756255,"RAW","SVM",TRUE
"Yukon","Yukon",0.00123750930157095,0.000199276932175817,0.998563213766253,"RAW","SVM",TRUE
"Yukon","Yukon",0.172184044221718,2.2867955475589e-05,0.827793087822807,"RAW","SVM",TRUE
"Yukon","Yukon",0.003401103573546,0.000455098916695214,0.996143797509759,"RAW","SVM",TRUE
"Yukon","Yukon",0.244792564809518,0.000366345229185765,0.754841089961296,"RAW","SVM",TRUE
"Yukon","Yukon",0.00118032370640333,0.000250139500510764,0.998569536793086,"RAW","SVM",TRUE
"Yukon","Yukon",0.00194333309391096,0.000154945612538005,0.997901721293551,"RAW","SVM",TRUE
"Kusko","Yukon",0.730164084059331,0.114291735506392,0.155544180434277,"RAW","SVM",FALSE
"Yukon","Yukon",0.0555898965370372,3.18198405787395e-05,0.944378283622384,"RAW","SVM",TRUE
"Yukon","Yukon",0.207658430738896,0.00092084468665916,0.791420724574445,"RAW","SVM",TRUE
"Yukon","Yukon",0.000211298776143679,9.18118097076003e-08,0.999788609412047,"RAW","SVM",TRUE
"Yukon","Yukon",0.0149877542695584,0.000769340127073496,0.984242905603368,"RAW","SVM",TRUE
"Kusko","Yukon",0.728066965056569,0.0862712480015305,0.1856617869419,"RAW","SVM",FALSE
"Kusko","Kusko",0.799072392592763,0.0189646332308556,0.181962974176382,"RAW","SVM",TRUE
"Kusko","Kusko",0.764839913823077,0.011410700490601,0.223749385686321,"RAW","SVM",TRUE
"Kusko","Kusko",0.766137363724423,0.170687464531756,0.0631751717438211,"RAW","SVM",TRUE
"Kusko","Kusko",0.951829220746333,0.024559738872566,0.0236110403811008,"RAW","SVM",TRUE
"Kusko","Kusko",0.791609416756155,0.0229291751178513,0.185461408125994,"RAW","SVM",TRUE
"Kusko","Kusko",0.885519190401748,0.0672268420237138,0.0472539675745377,"RAW","SVM",TRUE
"Kusko","Kusko",0.673688529784624,0.00472840984450647,0.321583060370869,"RAW","SVM",TRUE
"Kusko","Kusko",0.870575832248588,0.0158879701684617,0.11353619758295,"RAW","SVM",TRUE
"Nush","Kusko",0.317927044603583,0.643160361215985,0.0389125941804314,"RAW","SVM",FALSE
"Kusko","Kusko",0.967028084352627,0.0197031155264459,0.013268800120927,"RAW","SVM",TRUE
"Kusko","Kusko",0.92134710304002,0.0460275282268026,0.0326253687331774,"RAW","SVM",TRUE
"Kusko","Kusko",0.910131700135125,0.0304854094178259,0.0593828904470487,"RAW","SVM",TRUE
"Kusko","Kusko",0.76020696804058,0.108861261207172,0.130931770752248,"RAW","SVM",TRUE
"Kusko","Kusko",0.856228125388095,0.0665573892749122,0.0772144853369933,"RAW","SVM",TRUE
"Kusko","Kusko",0.663502358532153,0.00966948302357078,0.326828158444277,"RAW","SVM",TRUE
"Nush","Kusko",0.234516383381641,0.751118786265731,0.0143648303526277,"RAW","SVM",FALSE
"Kusko","Kusko",0.961072410611611,0.0290251419667763,0.00990244742161256,"RAW","SVM",TRUE
"Kusko","Kusko",0.625940210323704,0.0157531387441712,0.358306650932125,"RAW","SVM",TRUE
"Kusko","Kusko",0.903171707599834,0.0267069701180769,0.0701213222820896,"RAW","SVM",TRUE
"Kusko","Kusko",0.944967218599073,0.0407775869373973,0.0142551944635297,"RAW","SVM",TRUE
"Kusko","Kusko",0.44536333338787,0.059402976318232,0.495233690293898,"RAW","SVM",TRUE
"Kusko","Kusko",0.721266166252411,0.00716681220902479,0.271567021538564,"RAW","SVM",TRUE
"Kusko","Kusko",0.68364689993473,0.0135272551982126,0.302825844867057,"RAW","SVM",TRUE
"Kusko","Kusko",0.439379110877493,0.00132464657537715,0.55929624254713,"RAW","SVM",TRUE
"Kusko","Kusko",0.848303237445668,0.00570318995641746,0.145993572597915,"RAW","SVM",TRUE
"Kusko","Kusko",0.643755904733715,0.0165616377310184,0.339682457535266,"RAW","SVM",TRUE
"Nush","Kusko",0.27537803504268,0.710237013533939,0.0143849514233819,"RAW","SVM",FALSE
"Kusko","Kusko",0.836989862762472,0.0159494134498822,0.147060723787646,"RAW","SVM",TRUE
"Kusko","Kusko",0.931183649730628,0.00829159946319617,0.0605247508061761,"RAW","SVM",TRUE
"Kusko","Kusko",0.917669395780565,0.0504522663920944,0.0318783378273404,"RAW","SVM",TRUE
"Kusko","Kusko",0.85906380825035,0.0457290768950613,0.0952071148545885,"RAW","SVM",TRUE
"Kusko","Kusko",0.880031993355562,0.00116121045139831,0.11880679619304,"RAW","SVM",TRUE
"Kusko","Kusko",0.514128680107465,0.363193358525372,0.122677961367163,"RAW","SVM",TRUE
"Kusko","Kusko",0.925253005544048,0.0454351472383963,0.029311847217556,"RAW","SVM",TRUE
"Yukon","Yukon",0.0167428950981072,0.000771424830174242,0.982485680071719,"RAW","SVM",TRUE
"Yukon","Yukon",0.00417030967746776,0.000314561446477148,0.995515128876055,"RAW","SVM",TRUE
"Yukon","Yukon",0.00315009046539432,0.000493985275162824,0.996355924259443,"RAW","SVM",TRUE
"Yukon","Yukon",0.015276448710771,0.0014988976249249,0.983224653664304,"RAW","SVM",TRUE
"Yukon","Yukon",0.00890637245779946,0.000714299830036346,0.990379327712164,"RAW","SVM",TRUE
"Yukon","Yukon",0.0139201721149918,0.0007680428614452,0.985311785023563,"RAW","SVM",TRUE
"Yukon","Yukon",0.0637620756782169,0.000824751088879602,0.935413173232904,"RAW","SVM",TRUE
"Yukon","Yukon",0.00677736649891988,0.000459061897914921,0.992763571603165,"RAW","SVM",TRUE
"Yukon","Yukon",0.00184643084270249,0.000277535877713766,0.997876033279584,"RAW","SVM",TRUE
"Yukon","Yukon",0.105999122304217,0.00335998161453808,0.890640896081245,"RAW","SVM",TRUE
"Yukon","Yukon",0.0154538106099227,0.000769953185445657,0.983776236204632,"RAW","SVM",TRUE
"Yukon","Yukon",0.0114863055535757,0.000630347557503469,0.987883346888921,"RAW","SVM",TRUE
"Yukon","Yukon",0.00695815246344977,0.000460780263357392,0.992581067273193,"RAW","SVM",TRUE
"Yukon","Yukon",0.00218757704399049,0.000328855287943167,0.997483567668066,"RAW","SVM",TRUE
"Yukon","Yukon",0.000720986769103752,1.60464722427001e-06,0.999277408583672,"RAW","SVM",TRUE
"Yukon","Yukon",0.0143864390720999,0.000764305605290328,0.98484925532261,"RAW","SVM",TRUE
"Yukon","Yukon",0.00243784046708091,0.000287323942017846,0.997274835590901,"RAW","SVM",TRUE
"Yukon","Yukon",0.00542581674041871,0.000491471335356366,0.994082711924225,"RAW","SVM",TRUE
"Yukon","Yukon",0.00542581674041871,0.000491471335356366,0.994082711924225,"RAW","SVM",TRUE
"Kusko","Yukon",0.753073454065123,0.00720121909157671,0.239725326843301,"RAW","SVM",FALSE
"Yukon","Yukon",0.0139061031187797,0.000768218541095893,0.985325678340124,"RAW","SVM",TRUE
"Yukon","Yukon",0.0164273275788699,0.000771082532996301,0.982801589888134,"RAW","SVM",TRUE
"Yukon","Yukon",0.00729210126288739,0.000601894345201173,0.992106004391911,"RAW","SVM",TRUE
"Yukon","Yukon",0.000806548324126561,4.02967934873429e-05,0.999153154882386,"RAW","SVM",TRUE
"Yukon","Yukon",0.001080715965083,0.000226086428714104,0.998693197606203,"RAW","SVM",TRUE
"Kusko","Yukon",0.641835439938612,0.00149338564635201,0.356671174415036,"RAW","SVM",FALSE
"Yukon","Yukon",0.00120390109104574,1.9802006171017e-05,0.998776296902783,"RAW","SVM",TRUE
"Yukon","Yukon",0.00215880295135841,4.62304850724487e-05,0.997794966563569,"RAW","SVM",TRUE
"Yukon","Yukon",0.0606672580357287,0.00161389575622772,0.937718846208044,"RAW","SVM",TRUE
"Yukon","Yukon",0.0127643383481868,0.000766930038944189,0.986468731612869,"RAW","SVM",TRUE
"Yukon","Yukon",0.00719987023540777,0.000517783412273523,0.992282346352319,"RAW","SVM",TRUE
"Yukon","Yukon",0.00374013896395893,0.000418374419591735,0.995841486616449,"RAW","SVM",TRUE
"Yukon","Yukon",0.0172496507518716,0.000676298715436184,0.982074050532692,"RAW","SVM",TRUE
"Nush","Yukon",0.255305078393026,0.479198577822792,0.265496343784182,"RAW","SVM",FALSE
"Kusko","Yukon",0.740822076533378,0.0657473221954838,0.193430601271138,"RAW","SVM",FALSE
"Yukon","Yukon",0.0224970182381983,0.000236583305449552,0.977266398456352,"RAW","SVM",TRUE
"Yukon","Yukon",0.030432359889789,1.52774165419833e-05,0.969552362693669,"RAW","SVM",TRUE
"Yukon","Yukon",0.00015298226299167,5.18122442821009e-07,0.999846499614566,"RAW","SVM",TRUE
"Yukon","Yukon",0.049239254972091,0.000808232749725345,0.949952512278184,"RAW","SVM",TRUE
"Yukon","Yukon",0.00268703696346778,0.000243357915909409,0.997069605120623,"RAW","SVM",TRUE
"Yukon","Yukon",0.00975969329977304,0.000626935301228325,0.989613371398999,"RAW","SVM",TRUE
"Yukon","Kusko",0.281098135888337,0.00318412759738883,0.715717736514275,"RAW","SVM",FALSE
"Kusko","Kusko",0.474625832540929,0.00775028364460922,0.517623883814461,"RAW","SVM",TRUE
"Yukon","Yukon",0.000792893959420503,0.000102769814619764,0.99910433622596,"RAW","SVM",TRUE
"Kusko","Kusko",0.650852084646862,0.0202112495964985,0.32893666575664,"RAW","SVM",TRUE
"Kusko","Kusko",0.753261212617547,0.0243893624993231,0.22234942488313,"RAW","SVM",TRUE
"Kusko","Kusko",0.840723840827829,0.0807208688150434,0.0785552903571279,"RAW","SVM",TRUE
"Kusko","Kusko",0.836397231811782,0.0233248438832724,0.140277924304945,"RAW","SVM",TRUE
"Kusko","Kusko",0.9594031914505,0.0324525504730916,0.00814425807640814,"RAW","SVM",TRUE
"Kusko","Kusko",0.33528732771125,0.00395346170105619,0.660759210587694,"RAW","SVM",TRUE
"Kusko","Kusko",0.922507638288758,0.0412435028168532,0.0362488588943885,"RAW","SVM",TRUE
"Kusko","Kusko",0.91415516133193,0.0571546955168031,0.0286901431512666,"RAW","SVM",TRUE
"Kusko","Kusko",0.570040483218497,0.415895919012154,0.0140635977693496,"RAW","SVM",TRUE
"Kusko","Kusko",0.863069494837414,0.00194506552633745,0.134985439636248,"RAW","SVM",TRUE
"Kusko","Kusko",0.905328516073823,0.0622473390788913,0.0324241448472857,"RAW","SVM",TRUE
"Kusko","Kusko",0.893846931124581,0.00169944188805011,0.104453626987368,"RAW","SVM",TRUE
"Kusko","Kusko",0.873910539562273,0.0165211007367116,0.109568359701016,"RAW","SVM",TRUE
"Kusko","Kusko",0.895666086935885,0.0839903314299793,0.0203435816341361,"RAW","SVM",TRUE
"Kusko","Kusko",0.863132230755975,0.00605689579764234,0.130810873446382,"RAW","SVM",TRUE
"Nush","Kusko",0.486806300516688,0.506164349895654,0.00702934958765804,"RAW","SVM",FALSE
"Kusko","Kusko",0.930771328906446,0.0117996985730736,0.0574289725204802,"RAW","SVM",TRUE
"Kusko","Kusko",0.862738768505218,0.125002227120606,0.0122590043741758,"RAW","SVM",TRUE
"Nush","Kusko",0.0189126154592001,0.980826818225158,0.000260566315641669,"RAW","SVM",FALSE
"Kusko","Kusko",0.87321997670034,0.0394328975113994,0.0873471257882612,"RAW","SVM",TRUE
"Kusko","Kusko",0.879338918761101,0.0288525763452529,0.0918085048936466,"RAW","SVM",TRUE
"Kusko","Kusko",0.791428627758408,0.00757119278016369,0.201000179461428,"RAW","SVM",TRUE
"Kusko","Kusko",0.723302092235246,0.188035995434762,0.0886619123299925,"RAW","SVM",TRUE
"Kusko","Kusko",0.943312734153535,0.045312711016076,0.0113745548303894,"RAW","SVM",TRUE
"Kusko","Kusko",0.865226234017198,0.0899655532415968,0.0448082127412047,"RAW","SVM",TRUE
"Yukon","Yukon",0.0588771410464652,0.00077114820941455,0.94035171074412,"RAW","SVM",TRUE
"Yukon","Yukon",0.0500826366502546,0.000632815605344326,0.949284547744401,"RAW","SVM",TRUE
"Yukon","Yukon",0.033048996347496,0.000627879611581712,0.966323124040922,"RAW","SVM",TRUE
"Yukon","Yukon",0.0360437396189225,0.000777102943036901,0.963179157438041,"RAW","SVM",TRUE
"Yukon","Yukon",0.0657415922384546,0.000826990094431683,0.933431417667114,"RAW","SVM",TRUE
"Yukon","Yukon",0.0544737337636837,0.000763992042771344,0.944762274193545,"RAW","SVM",TRUE
"Yukon","Yukon",0.0459711804504129,0.000596928312611876,0.953431891236975,"RAW","SVM",TRUE
"Yukon","Yukon",0.0602884682326411,0.000820811515954372,0.938890720251405,"RAW","SVM",TRUE
"Yukon","Yukon",0.0116596808987538,0.000471045392687645,0.987869273708559,"RAW","SVM",TRUE
"Kusko","Yukon",0.815379860201436,0.00709416761689641,0.177525972181668,"RAW","SVM",FALSE
"Yukon","Yukon",0.0270439733427975,0.000713971389460555,0.972242055267742,"RAW","SVM",TRUE
"Yukon","Yukon",0.0255276008476754,0.000778399005166689,0.973694000147158,"RAW","SVM",TRUE
"Kusko","Yukon",0.366467261596825,0.00220048309302597,0.631332255310149,"RAW","SVM",FALSE
"Yukon","Yukon",0.0243771864868658,0.000780091375250102,0.974842722137884,"RAW","SVM",TRUE
"Yukon","Yukon",0.0336888208348778,0.00045714693389976,0.965854032231222,"RAW","SVM",TRUE
"Yukon","Yukon",0.0170273292316932,0.000480728834741212,0.982491941933566,"RAW","SVM",TRUE
"Yukon","Yukon",0.0279800424447379,0.000760392826027656,0.971259564729234,"RAW","SVM",TRUE
"Yukon","Yukon",0.0217064452920756,0.000724272925258092,0.977569281782666,"RAW","SVM",TRUE
"Yukon","Yukon",0.0616244310704759,0.000822326748096972,0.937553242181427,"RAW","SVM",TRUE
"Yukon","Yukon",0.0338589511968975,0.000788755677604503,0.965352293125498,"RAW","SVM",TRUE
"Yukon","Yukon",0.0100917510468752,0.000381682189807476,0.989526566763317,"RAW","SVM",TRUE
"Kusko","Yukon",0.30468606150195,0.00038159313933473,0.694932345358715,"RAW","SVM",FALSE
"Yukon","Yukon",0.0100788433833053,0.000738242256591033,0.989182914360104,"RAW","SVM",TRUE
"Yukon","Yukon",0.0012233885162922,0.000259255545059696,0.998517355938648,"RAW","SVM",TRUE
"Yukon","Yukon",0.00688077618601544,0.000665362875528668,0.992453860938456,"RAW","SVM",TRUE
"Yukon","Yukon",0.22040608442949,0.0323161003443897,0.747277815226121,"RAW","SVM",TRUE
"Yukon","Yukon",0.00325586061389061,0.000311059497454349,0.996433079888655,"RAW","SVM",TRUE
"Yukon","Yukon",0.00334220103917427,0.000415784522838966,0.996242014437987,"RAW","SVM",TRUE
"Yukon","Yukon",0.00610832627492334,7.86244509839231e-06,0.993883811279978,"RAW","SVM",TRUE
"Yukon","Yukon",0.00822509087912656,0.000665597528050324,0.991109311592823,"RAW","SVM",TRUE
"Yukon","Yukon",0.0212082976486957,0.000776471397865164,0.978015230953439,"RAW","SVM",TRUE
"Yukon","Yukon",0.00431685995616555,0.000583237818742522,0.995099902225092,"RAW","SVM",TRUE
"Yukon","Yukon",0.00166054977367855,2.86019345266646e-06,0.998336590032869,"RAW","SVM",TRUE
"Yukon","Yukon",0.00325106463302457,0.000321602135907077,0.996427333231068,"RAW","SVM",TRUE
"Yukon","Yukon",0.027703081992817,0.000779114562360558,0.971517803444822,"RAW","SVM",TRUE
"Yukon","Yukon",0.014497318338984,0.000762769029316557,0.9847399126317,"RAW","SVM",TRUE
"Yukon","Yukon",0.0629107710021864,0.000817411366894216,0.936271817630919,"RAW","SVM",TRUE
"Kusko","Yukon",0.79456414770664,0.0258147526124253,0.179621099680935,"RAW","SVM",FALSE
"Yukon","Yukon",0.0189241999300597,0.000585411248992238,0.980490388820948,"RAW","SVM",TRUE
"Kusko","Yukon",0.546063753305081,0.0190815153342575,0.434854731360661,"RAW","SVM",FALSE
"Yukon","Yukon",0.00901399343052543,0.000314183613763576,0.990671822955711,"RAW","SVM",TRUE
"Yukon","Yukon",0.0106033376649695,0.000958555428413948,0.988438106906617,"RAW","SVM",TRUE
"Yukon","Yukon",0.0520184922875907,0.000811433271509932,0.947170074440899,"RAW","SVM",TRUE
"Yukon","Yukon",0.0343527663347853,0.00124570038129202,0.964401533283923,"RAW","SVM",TRUE
"Kusko","Yukon",0.537169977918063,0.0137638986316116,0.449066123450325,"RAW","SVM",FALSE
"Yukon","Yukon",0.232963177624192,0.00150735991208703,0.765529462463721,"RAW","SVM",TRUE
"Yukon","Yukon",0.0654704056488963,0.000127403593899604,0.934402190757204,"RAW","SVM",TRUE
"Yukon","Yukon",0.0332127424621681,0.000800965496854216,0.965986292040978,"RAW","SVM",TRUE
"Kusko","Kusko",0.783657828867112,0.0256893074429805,0.190652863689907,"RAW","SVM",TRUE
"Kusko","Kusko",0.912063519072064,0.0433259731059194,0.0446105078220165,"RAW","SVM",TRUE
"Kusko","Kusko",0.844725417640732,0.0602979631401296,0.0949766192191383,"RAW","SVM",TRUE
"Kusko","Kusko",0.892460388563104,0.00244254601402821,0.105097065422868,"RAW","SVM",TRUE
"Kusko","Kusko",0.313603008700181,0.00643113601169354,0.679965855288125,"RAW","SVM",TRUE
"Kusko","Kusko",0.715717159455874,0.0403159552548285,0.243966885289298,"RAW","SVM",TRUE
"Kusko","Kusko",0.783089112985182,0.0415305475643709,0.175380339450447,"RAW","SVM",TRUE
"Kusko","Kusko",0.861879139370527,0.0124452736485028,0.12567558698097,"RAW","SVM",TRUE
"Kusko","Kusko",0.787768477568768,0.0142360994985761,0.197995422932656,"RAW","SVM",TRUE
"Kusko","Kusko",0.850177992183245,0.0469427887013829,0.102879219115372,"RAW","SVM",TRUE
"Kusko","Kusko",0.451703485056025,0.00614172658677665,0.542154788357198,"RAW","SVM",TRUE
"Kusko","Kusko",0.354857452032706,0.00695531475252582,0.638187233214768,"RAW","SVM",TRUE
"Yukon","Kusko",0.194271765188831,0.0016381274426927,0.804090107368476,"RAW","SVM",FALSE
"Kusko","Kusko",0.438014433332702,0.00750030170976676,0.554485264957531,"RAW","SVM",TRUE
"Kusko","Kusko",0.79170731385728,0.0234454790607205,0.184847207082,"RAW","SVM",TRUE
"Kusko","Kusko",0.739049905919036,0.0255530856935964,0.235397008387367,"RAW","SVM",TRUE
"Kusko","Kusko",0.608939163825714,0.00633671306541454,0.384724123108871,"RAW","SVM",TRUE
"Nush","Kusko",0.420094119511558,0.549904120473015,0.0300017600154274,"RAW","SVM",FALSE
"Kusko","Kusko",0.333744842116987,0.00269404101321849,0.663561116869794,"RAW","SVM",TRUE
"Yukon","Kusko",0.265836695866697,0.0021502331465365,0.732013070986766,"RAW","SVM",FALSE
"Kusko","Kusko",0.510643885642653,0.0011679390580811,0.488188175299266,"RAW","SVM",TRUE
"Kusko","Kusko",0.854900745422394,0.0213995493584697,0.123699705219136,"RAW","SVM",TRUE
"Kusko","Kusko",0.635974485095713,0.0168287747189271,0.34719674018536,"RAW","SVM",TRUE
"Yukon","Kusko",0.253180812383098,0.0018909983855147,0.744928189231387,"RAW","SVM",FALSE
"Kusko","Kusko",0.885193032256969,0.00178926654180002,0.113017701201231,"RAW","SVM",TRUE
"Kusko","Kusko",0.908402978625606,0.0402683997031038,0.0513286216712899,"RAW","SVM",TRUE
"Yukon","Kusko",0.179951900054188,0.00141021183841832,0.818637888107394,"RAW","SVM",FALSE
"Kusko","Kusko",0.559233851088037,0.000401426606511545,0.440364722305451,"RAW","SVM",TRUE
"Kusko","Kusko",0.83089816314374,0.046444816193239,0.122657020663021,"RAW","SVM",TRUE
"Kusko","Kusko",0.502729441210209,0.00740975051763959,0.489860808272152,"RAW","SVM",TRUE
"Kusko","Kusko",0.781410783946023,0.211803939414345,0.00678527663963176,"RAW","SVM",TRUE
"Kusko","Kusko",0.869528930744941,0.0495777764260402,0.0808932928290187,"RAW","SVM",TRUE
"Kusko","Kusko",0.734963773913793,0.00252589640015624,0.26251032968605,"RAW","SVM",TRUE
"Kusko","Kusko",0.918823995559934,0.0272442823217541,0.0539317221183116,"RAW","SVM",TRUE
"Kusko","Kusko",0.870411701124477,0.0169363520950923,0.112651946780431,"RAW","SVM",TRUE
"Kusko","Kusko",0.830509939706357,0.010211987030858,0.159278073262785,"RAW","SVM",TRUE
"Kusko","Kusko",0.898273720659142,0.00190038938905885,0.099825889951799,"RAW","SVM",TRUE
"Kusko","Kusko",0.946967982033537,0.00769830628755035,0.0453337116789127,"RAW","SVM",TRUE
"Kusko","Kusko",0.858438585566785,0.00785761543878089,0.133703798994434,"RAW","SVM",TRUE
"Kusko","Kusko",0.938532111518326,0.00964351548198475,0.0518243729996897,"RAW","SVM",TRUE
"Kusko","Kusko",0.874314031178421,0.00220429099113337,0.123481677830446,"RAW","SVM",TRUE
"Yukon","Kusko",0.0978641258218593,0.0051031236208251,0.897032750557316,"RAW","SVM",FALSE
"Kusko","Kusko",0.882203827532472,0.00877432653491904,0.109021845932609,"RAW","SVM",TRUE
"Kusko","Kusko",0.939380442271806,0.0352474549404402,0.0253721027877534,"RAW","SVM",TRUE
"Kusko","Kusko",0.769394378480537,0.0194239684583633,0.2111816530611,"RAW","SVM",TRUE
"Kusko","Kusko",0.966483229241263,0.022711660774369,0.0108051099843678,"RAW","SVM",TRUE
"Kusko","Kusko",0.857039898099444,0.114557774382879,0.0284023275176765,"RAW","SVM",TRUE
"Kusko","Kusko",0.940151850759331,0.0437026006305449,0.0161455486101241,"RAW","SVM",TRUE
"Kusko","Kusko",0.661617138324865,0.00913167690508476,0.32925118477005,"RAW","SVM",TRUE
"Kusko","Kusko",0.635998524889761,0.256863156133606,0.107138318976632,"RAW","SVM",TRUE
"Kusko","Kusko",0.791263380968482,0.167804081194118,0.0409325378374,"RAW","SVM",TRUE
"Kusko","Kusko",0.823582803175956,0.0258631383685077,0.150554058455536,"RAW","SVM",TRUE
"Kusko","Kusko",0.641596509882901,0.0187179355433617,0.339685554573737,"RAW","SVM",TRUE
"Kusko","Kusko",0.814037791761367,0.148464333618804,0.0374978746198289,"RAW","SVM",TRUE
"Kusko","Kusko",0.745292786276667,0.0541396000473246,0.200567613676009,"RAW","SVM",TRUE
"Kusko","Kusko",0.894735192503376,0.00533797912022516,0.0999268283763988,"RAW","SVM",TRUE
"Kusko","Kusko",0.843566506420213,0.00484788989660568,0.151585603683181,"RAW","SVM",TRUE
"Kusko","Kusko",0.893693862532511,0.0158445470966192,0.0904615903708694,"RAW","SVM",TRUE
"Nush","Kusko",0.308698525658948,0.686803681485606,0.00449779285544594,"RAW","SVM",FALSE
"Kusko","Kusko",0.928568053864829,0.0186146173197466,0.0528173288154242,"RAW","SVM",TRUE
"Kusko","Kusko",0.801447507111993,0.0255791381401169,0.17297335474789,"RAW","SVM",TRUE
"Kusko","Kusko",0.876756823126105,0.0918452046750525,0.0313979721988428,"RAW","SVM",TRUE
"Kusko","Kusko",0.92958271065804,0.0301944914192028,0.0402227979227572,"RAW","SVM",TRUE
"Kusko","Kusko",0.773008319516177,0.0352658717781078,0.191725808705715,"RAW","SVM",TRUE
"Kusko","Kusko",0.840241149788926,0.0387172359597464,0.121041614251327,"RAW","SVM",TRUE
"Kusko","Kusko",0.901408786094118,0.00364657874446817,0.0949446351614141,"RAW","SVM",TRUE
"Kusko","Kusko",0.770470760686833,0.0324944583323588,0.197034780980809,"RAW","SVM",TRUE
"Kusko","Kusko",0.62149814852242,0.0150513702975202,0.36345048118006,"RAW","SVM",TRUE
"Yukon","Yukon",0.0211069210241019,0.000525250443411269,0.978367828532487,"RAW","SVM",TRUE
"Yukon","Yukon",0.0140501363373348,0.000768345237309382,0.985181518425356,"RAW","SVM",TRUE
"Yukon","Yukon",0.00501098491055458,0.000621650756978555,0.994367364332467,"RAW","SVM",TRUE
"Yukon","Yukon",0.00312326793507489,0.00035149312132765,0.996525238943597,"RAW","SVM",TRUE
"Yukon","Yukon",0.129431194360144,0.00343117247822662,0.867137633161629,"RAW","SVM",TRUE
"Yukon","Yukon",0.226559565290029,0.00504031814681899,0.768400116563152,"RAW","SVM",TRUE
"Yukon","Yukon",0.00260605699975862,0.000458823010923885,0.996935119989317,"RAW","SVM",TRUE
